0.5
0.5
0.5
0.5
0.5
0.5
0.5
0.5
0.5
0.5
0.5
0.5
0.5
0.5
0.5
0.499593
0.5
0.5
0.5
0.5
0.5
0.5
0.5
0.499445
0.5
0.5
0.5
0.49923
0.499999
0.498981
0.498684
0.464002
0.5
0.5
0.5
0.5
0.5
0.5
0.499999
0.499079
0.5
0.499999
0.499999
0.498625
0.499998
0.498083
0.497524
0.449113
0.5
0.499997
0.499995
0.497374
0.499991
0.496254
0.495034
0.427895
0.499977
0.493971
0.492183
0.407389
0.486727
0.379759
0.360601
0.155018
0.5
0.5
0.5
0.5
0.5
0.5
0.499999
0.498779
0.5
0.499999
0.499998
0.497858
0.499993
0.49651
0.494816
0.421147
0.5
0.499994
0.499989
0.495471
0.49997
0.49282
0.489602
0.390694
0.499911
0.487592
0.481946
0.356448
0.472669
0.321248
0.284407
0.0912135
0.5
0.499908
0.499833
0.483408
0.499616
0.475445
0.466545
0.313613
0.499457
0.470225
0.458137
0.289275
0.43769
0.245081
0.206212
0.0454935
0.497839
0.441885
0.421349
0.220826
0.392832
0.178469
0.141259
0.0212659
0.359643
0.138764
0.105112
