0.320514
0.200429
0.196923
0.0354083
0.200429
0.0304683
0.0205883
0.000394047
0.200429
0.0279933
0.0174714
0.000245624
0.0112072
0.000111556
6.00532e-05
4.52852e-09
0.200429
0.0267589
0.0159083
0.000174089
0.009431
6.91632e-05
3.65228e-05
1.50099e-09
0.005864
2.98867e-05
1.58781e-05
2.914e-10
8.30277e-06
8.83182e-11
4.42544e-11
3.46003e-21
0.200429
0.0261431
0.0151264
0.000139006
0.00854095
4.89838e-05
2.54349e-05
6.27918e-10
0.00491154
1.84533e-05
9.66929e-06
9.93258e-11
4.98606e-06
2.84289e-11
1.42297e-11
3.24206e-22
0.00300181
7.74947e-06
4.09102e-06
1.84256e-11
2.11981e-06
5.25888e-12
2.63225e-12
1.14511e-23
1.09194e-06
1.54442e-12
7.73393e-13
1.07112e-24
3.8705e-13
1.36233e-24
6.72655e-25
2.66729e-27
0.200429
0.0258355
0.0147354
0.000121637
0.00809555
3.91498e-05
2.00608e-05
3.27826e-10
0.00443469
1.30522e-05
6.7442e-06
4.25839e-11
3.44093e-06
1.16471e-11
5.8264e-12
4.8082e-23
0.002508
4.77308e-06
2.49158e-06
6.38992e-12
1.27913e-06
1.76006e-12
8.80492e-13
1.68359e-24
6.51559e-07
4.8967e-13
2.45009e-13
1.8225e-25
1.22554e-13
1.19608e-25
4.82597e-26
1.37342e-29
0.001519
1.97405e-06
1.03887e-06
1.15702e-12
5.35921e-07
3.18964e-13
1.59579e-13
1.02154e-25
2.73909e-07
8.83766e-14
4.42235e-14
6.35068e-27
2.2122e-14
1.58512e-26
7.7577e-27
3.2533e-29
1.4002e-07
2.55398e-14
1.27856e-14
4.58591e-27
6.39746e-15
1.22988e-24
4.65609e-25
2.29305e-27
3.20016e-15
4.37115e-27
2.20937e-27
2.0318e-30
1.04359e-27
5.58617e-30
2.30826e-30
1.4154e-32
0.200429
0.0256819
0.0145399
0.000112996
0.00787276
3.42968e-05
1.74163e-05
2.08883e-10
0.00419613
1.04307e-05
5.32653e-06
2.26309e-11
2.6967e-06
5.9893e-12
2.9953e-12
1.17136e-23
0.00226092
3.37297e-06
1.73862e-06
2.77712e-12
8.85122e-07
7.43367e-13
3.71773e-13
2.38028e-25
4.47577e-07
1.98455e-13
9.92566e-14
2.06345e-26
4.96362e-14
1.09206e-26
2.21544e-27
1.54457e-29
0.00126749
1.21423e-06
6.32651e-07
4.05164e-13
3.24092e-07
1.09286e-13
5.46601e-14
5.91446e-27
1.64517e-07
2.93039e-14
1.46572e-14
6.20281e-28
7.33009e-15
3.34122e-25
1.2916e-25
2.79415e-28
8.32804e-08
8.03554e-15
4.01995e-15
1.41236e-26
2.01059e-15
7.75265e-26
3.88263e-26
1.17141e-28
1.00547e-15
4.56738e-25
2.3641e-25
1.09948e-27
1.1522e-25
1.85782e-27
8.96704e-28
1.69689e-30
0.000764105
4.98225e-07
2.61794e-07
7.24615e-14
1.34756e-07
1.96039e-14
9.80576e-15
2.76221e-28
6.86074e-08
5.25094e-15
2.6344e-15
1.95051e-25
1.31366e-15
3.65115e-26
1.7268e-26
7.31716e-29
3.40789e-08
1.40707e-15
7.0401e-16
1.12337e-27
3.52143e-16
5.47874e-26
2.78813e-26
1.15099e-28
1.60597e-16
1.79081e-26
7.85014e-27
1.53263e-29
2.80436e-27
1.73097e-29
4.10001e-30
2.47972e-33
1.77276e-08
4.10582e-16
2.05514e-16
1.33743e-27
1.02822e-16
3.11646e-27
5.29876e-28
1.54655e-30
5.143e-17
5.86371e-27
2.59609e-27
1.98348e-29
1.18408e-27
5.40965e-30
8.34094e-31
2.11816e-33
2.57215e-17
4.68156e-24
2.41761e-24
1.13546e-26
1.17075e-24
7.5664e-27
3.46945e-27
4.44291e-30
5.71943e-25
1.71745e-26
8.77964e-27
5.64757e-29
4.41789e-27
2.64958e-29
5.81893e-30
6.74287e-32
0.200429
0.0256051
0.0144421
0.000108686
0.00776135
3.18864e-05
1.61046e-05
1.5681e-10
0.00407681
9.13973e-06
4.62891e-06
1.4584e-11
2.33166e-06
3.77459e-12
1.88747e-12
3.63002e-24
0.00213733
2.69495e-06
1.37383e-06
1.48958e-12
6.94705e-07
3.9e-13
1.9502e-13
4.55113e-26
3.49639e-07
1.01257e-13
5.06342e-14
3.17428e-27
2.53186e-14
1.72447e-24
8.69977e-25
1.54587e-27
0.00114169
8.57605e-07
4.41523e-07
1.77368e-13
2.24538e-07
4.08331e-14
2.34754e-14
9.00222e-28
1.13382e-07
1.22821e-14
6.14195e-15
1.05672e-25
3.07498e-15
7.53622e-26
4.81535e-27
9.1794e-30
5.70751e-08
3.23879e-15
1.61973e-15
5.28122e-28
8.09954e-16
2.11155e-26
1.03454e-26
3.14578e-29
4.05002e-16
5.7716e-26
2.72636e-26
1.16189e-28
9.73036e-27
5.57634e-29
1.98118e-29
5.96685e-32
0.000637173
3.06243e-07
1.59414e-07
2.55055e-14
8.15768e-08
6.80441e-15
3.40294e-15
1.32997e-27
4.13401e-08
1.78802e-15
8.94202e-16
1.81084e-26
4.47153e-16
2.02057e-27
7.15099e-29
2.31285e-31
2.0861e-08
4.72712e-16
2.36423e-16
9.73607e-28
1.1823e-16
1.16456e-27
5.70723e-28
4.60076e-30
5.91203e-17
4.48497e-24
2.30037e-24
4.65115e-27
1.13638e-24
1.4048e-26
5.97088e-27
9.23581e-30
1.05269e-08
1.28681e-16
6.43698e-17
1.86087e-28
3.21934e-17
7.86259e-25
3.80005e-25
5.03101e-27
1.6099e-17
5.72845e-25
2.71967e-25
1.22935e-28
6.7532e-26
3.16162e-28
1.55209e-28
2.69543e-31
8.05023e-18
1.43149e-24
7.77789e-25
1.71872e-27
4.05314e-25
5.50679e-27
2.406e-27
6.58511e-30
1.93863e-25
5.11416e-27
2.60148e-27
2.31761e-30
1.26924e-27
6.20634e-30
2.36297e-30
2.22021e-33
0.000383215
1.25154e-07
6.5712e-08
4.5331e-15
3.3788e-08
1.21444e-15
6.0739e-16
4.15958e-27
1.71691e-08
3.19371e-16
1.59729e-16
1.10642e-27
7.98767e-17
1.86492e-28
6.04055e-29
2.50299e-32
8.76227e-09
7.49557e-17
4.2135e-17
3.64517e-25
2.10719e-17
9.31996e-26
4.64549e-26
5.00994e-28
1.05371e-17
4.59417e-25
2.33423e-25
1.67668e-27
1.17429e-25
7.47708e-28
2.71734e-28
8.41175e-31
4.38807e-09
2.27954e-17
1.14046e-17
2.09672e-29
5.70427e-18
5.51769e-26
2.07802e-26
2.92579e-29
2.85269e-18
4.38614e-26
2.15421e-26
3.07057e-29
9.60645e-27
6.80294e-29
2.85644e-29
3.20919e-31
1.42649e-18
4.4498e-26
2.0149e-26
2.14997e-28
1.01e-26
5.69511e-29
2.34872e-29
7.63885e-32
4.7449e-27
1.59194e-28
8.09157e-29
1.58195e-31
4.00056e-29
4.32449e-31
1.18331e-31
8.39381e-35
2.31968e-09
6.71141e-18
3.35903e-18
2.74274e-27
1.68047e-18
1.689e-26
6.92374e-27
1.47582e-29
8.40505e-19
2.35057e-26
1.18553e-26
1.63215e-29
5.1843e-27
4.63563e-29
2.01346e-29
3.06946e-31
4.20321e-19
1.51174e-26
7.77864e-27
6.39539e-29
3.82114e-27
1.18406e-29
5.02652e-30
3.26943e-32
1.08236e-27
8.1266e-30
3.02304e-30
1.2474e-32
4.409e-32
4.78414e-34
2.37121e-34
1.05886e-36
1.8446e-19
1.20207e-23
6.20068e-24
1.02547e-26
3.14461e-24
1.63085e-26
3.14599e-27
5.78825e-30
1.57855e-24
3.38068e-26
1.71351e-26
1.89024e-29
8.0742e-27
2.38404e-29
1.10923e-29
6.77529e-32
1.48136e-28
5.1664e-30
2.53161e-30
8.30386e-33
1.26863e-30
9.01316e-33
2.74956e-33
4.47328e-36
3.44096e-31
3.41006e-33
1.49189e-33
4.01561e-36
2.32309e-34
1.21697e-36
6.06732e-37
2.46563e-39
0.200429
0.0255667
0.0143932
0.000106534
0.00770564
3.06852e-05
1.54515e-05
1.32575e-10
0.00401715
8.4992e-06
4.28291e-06
1.10211e-11
2.15092e-06
2.81217e-12
1.40614e-12
1.6551e-24
0.00207553
2.36146e-06
1.19436e-06
9.65361e-13
6.01143e-07
2.48588e-13
1.24299e-13
6.09668e-25
3.01683e-07
6.34557e-14
3.17292e-14
9.22194e-26
1.58649e-14
1.09225e-25
4.87807e-26
5.10891e-28
0.00107878
6.85115e-07
3.48955e-07
9.55887e-14
1.50595e-07
2.10767e-14
1.24457e-14
7.85116e-26
8.87046e-08
6.40133e-15
3.20084e-15
2.3562e-26
1.60047e-15
9.50358e-27
4.69583e-27
4.69901e-30
4.45135e-08
1.64597e-15
8.23042e-16
1.28894e-28
4.11536e-16
1.49385e-27
6.03916e-28
5.56447e-30
2.05772e-16
5.47896e-24
2.76642e-24
4.77042e-27
1.38104e-24
6.83258e-27
3.32303e-27
4.65301e-31
0.000573695
2.16238e-07
1.11259e-07
1.12072e-14
5.65512e-08
2.56197e-15
1.47469e-15
1.05204e-27
2.85361e-08
7.63437e-16
3.81753e-16
1.50815e-27
1.90886e-16
1.1543e-24
5.37325e-25
9.32483e-28
1.43477e-08
1.97361e-16
9.86907e-17
1.30824e-28
4.93482e-17
4.24622e-28
1.13664e-28
7.26288e-32
2.46748e-17
4.16618e-25
2.02887e-25
9.12322e-28
8.77848e-26
6.44704e-28
1.4264e-28
2.7922e-31
7.10917e-09
5.10288e-17
2.55186e-17
1.81422e-29
1.27604e-17
8.71365e-26
1.32356e-26
3.59038e-29
6.38052e-18
1.73084e-25
8.88508e-26
1.07086e-28
2.93257e-26
1.7357e-28
7.16469e-29
1.73374e-31
2.82908e-18
1.20655e-25
6.27373e-26
2.24659e-28
3.17196e-26
1.716e-28
8.52683e-29
2.93504e-31
1.5352e-26
2.25081e-28
1.11787e-28
8.18799e-31
5.60933e-29
4.41843e-31
2.0345e-31
1.02141e-33
0.000319451
7.69006e-08
4.00117e-08
1.59983e-15
2.04644e-08
4.24407e-16
2.1224e-16
1.58865e-28
1.03619e-08
1.10347e-16
5.51813e-17
5.60572e-29
2.75927e-17
2.12205e-25
2.91982e-26
2.29182e-28
5.22059e-09
2.85951e-17
1.42999e-17
1.79359e-26
7.15055e-18
2.67927e-26
1.28213e-26
1.96253e-29
3.57544e-18
2.07392e-26
1.02714e-26
9.07126e-29
5.05476e-27
5.272e-29
2.62211e-29
4.89039e-32
2.62638e-09
7.50544e-18
3.75365e-18
1.81573e-26
1.87709e-18
5.91482e-27
9.5282e-28
9.77964e-31
9.38614e-19
1.10206e-26
5.40916e-27
7.13021e-30
2.64684e-27
4.93213e-29
2.39119e-29
4.75567e-32
4.69325e-19
4.67512e-27
2.17255e-27
9.3011e-30
9.7674e-28
1.06733e-29
5.01992e-30
9.55086e-33
4.6228e-28
4.85284e-30
2.42747e-30
1.96231e-32
9.95068e-31
1.24058e-32
2.2031e-33
9.19375e-36
1.32324e-09
2.0356e-18
1.01822e-18
6.01876e-27
5.09232e-19
4.12784e-27
1.03898e-27
1.12625e-29
2.54648e-19
3.71619e-27
1.85298e-27
3.34481e-30
1.24186e-28
2.1927e-30
1.06888e-30
6.73443e-33
1.27332e-19
4.90964e-24
2.51236e-24
7.95998e-27
1.2579e-24
9.96015e-27
4.12423e-27
6.70359e-30
1.34458e-25
6.38223e-27
3.23722e-27
5.20655e-30
1.64464e-27
1.13885e-29
5.73287e-30
2.72281e-32
6.36689e-20
9.07653e-25
4.4043e-25
5.44293e-28
2.12961e-25
1.87971e-27
8.99553e-28
4.70535e-30
1.01201e-25
1.02643e-27
4.2803e-28
1.71564e-30
2.39696e-29
3.13266e-31
2.8395e-32
3.49481e-35
2.90515e-30
8.8363e-32
4.50527e-32
6.39687e-35
2.22345e-32
2.20009e-34
8.55306e-35
1.5676e-37
2.14599e-33
3.111e-35
1.57059e-35
4.04222e-38
7.2195e-36
3.00298e-38
1.46816e-38
5.11011e-41
0.000191899
3.13637e-08
1.64612e-08
2.83446e-16
8.47579e-09
6.71039e-17
3.77874e-17
9.80733e-30
4.29448e-09
1.96807e-17
9.84216e-18
5.78775e-27
4.92157e-18
1.10729e-26
6.18383e-28
1.18929e-30
2.16704e-09
5.09728e-18
2.54919e-18
2.57128e-27
1.27474e-18
2.32544e-27
5.05816e-28
7.61615e-31
6.37409e-19
4.33801e-27
2.18741e-27
1.32401e-29
1.0819e-27
1.24206e-29
6.00368e-30
5.2031e-32
1.09155e-09
1.33406e-18
6.67279e-19
4.7778e-28
3.33709e-19
3.33311e-27
1.70924e-27
2.89507e-30
1.66867e-19
1.30915e-27
6.60986e-28
2.02772e-30
2.91971e-28
3.26399e-30
1.54711e-30
2.56413e-33
8.34294e-20
4.68604e-24
2.47915e-24
1.44583e-26
1.2737e-24
1.57557e-26
7.92249e-27
1.88201e-29
6.43596e-25
2.72125e-27
7.03951e-28
1.52866e-30
2.69242e-28
6.03733e-31
5.31486e-32
2.88356e-34
5.50801e-10
3.59904e-19
1.80118e-19
1.2616e-28
9.01083e-20
1.07962e-28
5.11625e-29
3.30852e-31
4.50583e-20
1.09582e-24
5.60526e-25
2.90454e-27
2.83146e-25
2.28914e-27
9.62228e-28
4.28814e-30
2.2494e-20
1.35124e-24
7.18014e-25
3.75856e-27
3.64901e-25
1.67291e-27
8.34861e-28
1.72923e-30
1.40031e-25
1.79848e-27
8.42629e-28
3.05306e-30
2.76374e-28
1.4493e-30
5.60708e-31
3.97139e-33
1.12471e-20
7.02618e-25
3.73844e-25
3.33286e-27
1.83178e-25
9.76667e-28
1.56099e-28
4.34906e-31
7.57409e-26
1.16962e-27
1.77754e-28
4.89675e-31
8.43455e-29
1.36763e-30
6.9326e-31
2.83533e-33
1.99196e-26
5.34906e-28
2.69443e-28
4.01535e-31
1.31052e-28
7.49405e-31
2.62929e-31
1.09199e-33
6.37458e-29
1.51854e-30
7.66707e-31
3.45112e-33
3.29013e-31
1.2351e-33
4.99464e-34
1.31022e-36
2.79664e-10
1.02497e-19
5.13105e-20
9.72018e-29
2.56741e-20
1.32408e-25
6.30677e-26
6.05665e-28
1.28362e-20
1.31317e-25
6.50039e-26
3.42538e-29
3.19309e-26
7.00463e-28
3.57581e-28
2.12965e-30
6.41648e-21
4.30984e-25
2.26744e-25
3.60713e-28
1.16232e-25
9.5723e-28
8.02359e-30
3.74332e-32
5.8453e-26
1.18634e-27
6.05129e-28
2.44526e-31
2.8283e-28
2.48527e-30
8.67397e-31
5.74439e-33
3.20864e-21
1.04791e-25
4.53997e-26
2.45556e-28
2.2619e-26
1.17947e-28
3.6595e-29
2.59909e-31
7.86698e-27
6.77043e-29
3.27046e-29
2.31398e-31
1.59673e-29
1.21817e-31
3.8766e-32
4.86e-34
2.64169e-27
1.57874e-28
8.38315e-29
2.54131e-31
4.25054e-29
6.4051e-31
3.24558e-31
1.16735e-33
2.05407e-29
3.4569e-31
1.73794e-31
2.52948e-34
7.70032e-32
8.27018e-35
1.3672e-35
1.10113e-37
1.60418e-21
4.31396e-26
2.21501e-26
1.83015e-29
1.11755e-26
9.01585e-29
4.29339e-29
3.10458e-32
5.40821e-27
7.71621e-29
3.86163e-29
1.52572e-31
1.93473e-29
1.69761e-31
4.38683e-32
2.84105e-34
1.14472e-27
3.08463e-29
1.54352e-29
3.3989e-32
6.64155e-30
7.76901e-32
3.73628e-32
1.49204e-34
2.51669e-30
1.71127e-32
8.40124e-33
1.50059e-35
4.15597e-33
3.79472e-35
1.88604e-35
7.46494e-38
4.15626e-29
8.52941e-31
4.34251e-31
2.50149e-33
2.17565e-31
1.55413e-33
7.1425e-34
1.07966e-37
8.95891e-32
1.34949e-33
6.73223e-34
1.54614e-36
2.59036e-34
1.35387e-36
6.65435e-37
3.44949e-39
1.35869e-32
1.31328e-33
7.26267e-34
1.70337e-36
3.82132e-34
1.08947e-35
5.54131e-36
3.19557e-38
1.8391e-34
3.79258e-36
1.91319e-36
3.86865e-39
9.09972e-37
8.01009e-39
4.01353e-39
8.06726e-42
