0.491697
0.43557
0.427624
0.242336
0.402351
0.210736
0.182292
0.0335905
0.42346
0.195893
0.163595
0.0228171
0.127286
0.0136262
0.00855712
8.17034e-05
0.43557
0.209815
0.157724
0.0184911
0.111179
0.00931878
0.00559714
3.21191e-05
0.0774049
0.00466206
0.00276674
8.16307e-06
0.00157432
2.93064e-06
1.36618e-06
3.46025e-12
0.43557
0.207606
0.152738
0.0157261
0.102916
0.00713954
0.00410294
1.51423e-05
0.0663072
0.0030985
0.00177627
3.10561e-06
0.000981773
1.03775e-06
5.25049e-07
4.14975e-13
0.0433442
0.00139878
0.000804517
6.7167e-07
0.000446077
2.21945e-07
1.11955e-07
1.97595e-14
0.000240169
7.13294e-08
3.60138e-08
2.18748e-15
1.81141e-08
5.64558e-16
2.8229e-16
1.16243e-26
0.43557
0.206524
0.150253
0.0143239
0.0987456
0.00604598
0.00335363
8.62014e-06
0.0606604
0.00234045
0.00129471
1.45336e-06
0.000695994
4.54654e-07
2.28971e-07
7.0681e-14
0.03667
0.000912265
0.000509866
2.50367e-07
0.000276595
7.87727e-08
3.96068e-08
2.27354e-15
0.000146075
2.37981e-08
1.1968e-08
2.21835e-16
6.00396e-09
5.65084e-17
2.82546e-17
1.13158e-26
0.0230466
0.000386144
0.000218377
4.87034e-08
0.000119536
1.53593e-08
7.71732e-09
9.03951e-17
6.35093e-05
4.62734e-09
2.3246e-09
8.67115e-18
1.1656e-09
2.20426e-18
1.10214e-18
2.5178e-26
3.32103e-05
1.40009e-09
7.04021e-10
8.52585e-19
3.53273e-10
2.04103e-19
1.08954e-19
1.61023e-27
1.77018e-10
5.536e-20
2.76802e-20
5.31185e-28
1.38401e-20
5.45802e-26
1.36209e-26
1.8362e-28
0.43557
0.205989
0.149013
0.0136184
0.0966529
0.00549854
0.0029786
5.84726e-06
0.0578148
0.00196769
0.0010575
8.31256e-07
0.000555792
2.45308e-07
1.2318e-07
1.77418e-14
0.0332984
0.000682179
0.000369586
1.16355e-07
0.000195906
3.48743e-08
1.74967e-08
3.98018e-16
0.000101732
9.99647e-09
5.01445e-09
3.47909e-17
2.51167e-09
8.78832e-18
4.39418e-18
3.2797e-26
0.0193586
0.000249077
0.000137335
1.79493e-08
7.38069e-05
4.88353e-09
2.7423e-09
1.05758e-17
3.8676e-05
1.58223e-09
7.93342e-10
9.27529e-19
3.97303e-10
2.34194e-19
1.17097e-19
1.82424e-26
1.99439e-05
4.52587e-10
2.27006e-10
8.11846e-20
1.05828e-10
1.90809e-20
1.02808e-20
6.78017e-27
5.69187e-11
5.1897e-21
2.59487e-21
7.79856e-28
1.29683e-21
2.75491e-25
1.34012e-25
6.63779e-28
0.0118995
0.000101669
5.69924e-05
3.28873e-09
3.09967e-05
9.12275e-10
5.07209e-10
3.78712e-19
1.63637e-05
2.63457e-10
1.32137e-10
3.0994e-20
7.37025e-11
8.35601e-21
4.17789e-21
4.34983e-27
8.50661e-06
8.39869e-11
3.7741e-11
2.69171e-21
2.10355e-11
7.25153e-22
3.62561e-22
5.81721e-26
1.0529e-11
1.83264e-22
9.16185e-23
4.05118e-27
4.58043e-23
1.17259e-26
5.26888e-27
4.36282e-30
4.36776e-06
2.45583e-11
1.23247e-11
2.64471e-22
6.17769e-12
6.72984e-23
3.36483e-23
2.3514e-27
3.09357e-12
1.71874e-23
8.59034e-24
5.03334e-27
4.28449e-24
3.97873e-27
8.38486e-28
3.76125e-31
1.5482e-12
2.66881e-23
1.31663e-23
4.57921e-29
5.44932e-24
4.77958e-26
2.33705e-26
6.48103e-29
2.69062e-24
4.76048e-26
2.41847e-26
2.03285e-28
1.06692e-26
1.19008e-28
5.82101e-29
4.22272e-31
0.43557
0.205723
0.148395
0.0132646
0.0956048
0.00522469
0.00279101
4.58217e-06
0.0563867
0.0017829
0.000939795
5.691e-07
0.00048637
1.60005e-07
8.02031e-08
6.3106e-15
0.0316042
0.000570482
0.000301226
6.65344e-08
0.000156581
1.90359e-08
9.53716e-09
1.03016e-16
8.02384e-05
5.23138e-09
2.62021e-09
8.22571e-18
1.3113e-09
2.06765e-18
1.03383e-18
2.87119e-27
0.0175042
0.000185144
9.91932e-05
8.30646e-09
5.22068e-05
2.43452e-09
1.2196e-09
1.88975e-18
2.69762e-05
6.79694e-10
3.40382e-10
1.53411e-19
1.70336e-10
3.85684e-20
1.92842e-20
9.83293e-27
1.37636e-05
1.85886e-10
9.30925e-11
1.21763e-20
4.65883e-11
3.06482e-21
1.53241e-21
1.0264e-25
2.33056e-11
7.69401e-22
3.84699e-22
1.31639e-26
1.92328e-22
2.23973e-26
1.09534e-26
7.10811e-30
0.00995675
6.51897e-05
3.56914e-05
1.20477e-09
1.90921e-05
3.60712e-10
1.80743e-10
4.49922e-20
9.96622e-06
1.01966e-10
4.53637e-11
3.42744e-21
2.55597e-11
9.31293e-22
4.6564e-22
3.01423e-26
5.11648e-06
2.80909e-11
1.24969e-11
2.73896e-22
7.04024e-12
7.42175e-23
3.71072e-23
9.42377e-28
3.52197e-12
3.13433e-23
1.57018e-23
3.40746e-26
6.73436e-24
2.68914e-26
9.63948e-27
5.01189e-30
2.60623e-06
7.81038e-12
3.91264e-12
2.43578e-23
1.95868e-12
6.15785e-24
3.07588e-24
1.51538e-28
9.80036e-13
3.09027e-24
1.51044e-24
2.97558e-28
7.29e-25
1.0059e-26
5.07667e-27
1.139e-29
4.90215e-13
2.00527e-24
9.78699e-25
1.52497e-28
4.78431e-25
1.35373e-27
5.77848e-28
1.90211e-30
1.93039e-25
5.17435e-28
2.28777e-28
1.47523e-31
5.4937e-29
3.30042e-31
1.57794e-31
3.37731e-34
0.00604835
2.60998e-05
1.45648e-05
2.13829e-10
7.89611e-06
6.48792e-11
3.25191e-11
1.5405e-21
4.15546e-06
1.84564e-11
9.24605e-12
1.26371e-22
4.63895e-12
3.80017e-23
1.89919e-23
1.52264e-26
2.14368e-06
5.08939e-12
2.54904e-12
1.04359e-23
1.27586e-12
3.01746e-24
1.44364e-24
6.70911e-27
6.38317e-13
1.68667e-24
8.31637e-25
1.16806e-27
4.08616e-25
1.66931e-27
7.02812e-28
1.03519e-30
1.09564e-06
1.40949e-12
7.06096e-13
1.3906e-24
3.53506e-13
9.11737e-25
4.61911e-25
5.33633e-28
1.76894e-13
1.65351e-25
7.80629e-26
2.32668e-29
2.54027e-26
2.88291e-28
1.438e-28
4.10577e-31
8.8488e-14
2.45904e-25
1.25639e-25
1.06017e-28
6.34048e-26
4.9817e-28
1.73527e-28
8.14323e-31
3.10308e-26
6.43966e-28
3.27485e-28
2.24702e-30
1.30132e-28
7.22577e-31
1.16744e-31
1.62448e-35
5.60078e-07
4.06726e-13
2.0392e-13
1.10505e-25
1.02159e-13
1.2518e-25
5.20917e-26
3.01178e-28
5.11426e-14
7.759e-26
3.89949e-26
6.04297e-29
1.83436e-26
8.96645e-29
3.71151e-29
1.89026e-31
2.55899e-14
2.22742e-23
1.11283e-23
8.2689e-26
4.91952e-24
5.20677e-26
1.3078e-26
3.86926e-29
1.86244e-24
3.72101e-26
1.88922e-26
4.50862e-29
9.17219e-27
6.12937e-29
3.02614e-29
6.40965e-32
1.28007e-14
6.31088e-26
3.38272e-26
3.08541e-29
1.74846e-26
9.11079e-29
3.1379e-29
2.43057e-31
8.83748e-27
7.16416e-29
2.30763e-29
8.15982e-32
8.12722e-30
6.66492e-32
1.67233e-32
4.63479e-35
4.17435e-27
9.85873e-29
4.48885e-29
6.60854e-32
2.23447e-29
2.08061e-31
7.89795e-32
5.67325e-35
9.23302e-30
2.20786e-31
1.12572e-31
7.82763e-35
5.66161e-32
1.0937e-33
5.29594e-34
4.63394e-38
0.43557
0.205591
0.148086
0.0130874
0.0950804
0.00508774
0.0026972
3.97986e-06
0.0556714
0.00169092
0.000881174
4.49971e-07
0.000451829
1.22044e-07
6.11107e-08
3.02614e-15
0.0307551
0.000515476
0.000267493
4.56673e-08
0.000137173
1.25409e-08
6.27771e-09
3.76555e-17
6.96615e-05
3.3376e-09
1.67029e-09
2.80062e-18
8.35533e-10
7.02094e-19
3.51047e-19
5.275e-26
0.0165744
0.000154336
8.07194e-05
4.74657e-09
4.17215e-05
1.33647e-09
6.68971e-10
4.98075e-19
2.13058e-05
3.61634e-10
1.80968e-10
3.79064e-20
9.05236e-11
9.5045e-21
4.75224e-21
6.47094e-28
1.07867e-05
9.5716e-11
4.78947e-11
2.78667e-21
2.39572e-11
6.9897e-22
3.49477e-22
9.02959e-27
1.19812e-11
1.88451e-22
9.4363e-23
4.51498e-28
4.68542e-23
2.24128e-25
1.00833e-25
6.8665e-29
0.00898251
4.82986e-05
2.57267e-05
5.56231e-10
1.34917e-05
1.61137e-10
8.0671e-11
8.15306e-21
6.95442e-06
3.86664e-11
2.22055e-11
6.37662e-22
1.11085e-11
1.6224e-22
8.07667e-23
1.67743e-27
3.54047e-06
1.03555e-11
5.9443e-12
4.78714e-23
2.97347e-12
1.29917e-23
6.24199e-24
2.66394e-26
1.48709e-12
3.82922e-24
1.91697e-24
1.89329e-26
9.52113e-25
1.28175e-26
6.36146e-27
1.16446e-29
1.7903e-06
3.17081e-12
1.58681e-12
3.75301e-24
7.93819e-13
1.28265e-24
6.2782e-25
9.4853e-28
3.97026e-13
3.54031e-25
1.74397e-25
5.1265e-28
8.25379e-26
6.15643e-28
2.78129e-28
1.02171e-31
1.98545e-13
1.75769e-25
8.86973e-26
7.04872e-28
4.36823e-26
1.70595e-28
6.1373e-29
1.05578e-31
8.86175e-27
2.61941e-28
1.34284e-28
5.58712e-31
6.1783e-29
7.19022e-31
3.42633e-31
2.10916e-33
0.00505071
1.6683e-05
9.08825e-06
6.98915e-11
4.8569e-06
2.31743e-11
1.16064e-11
1.85384e-22
2.5306e-06
6.47018e-12
3.23912e-12
1.48144e-23
1.62066e-12
3.92011e-24
1.95371e-24
1.97556e-26
1.29636e-06
1.74586e-12
8.73791e-13
1.13663e-24
4.37143e-13
3.37653e-25
1.53846e-25
2.6011e-28
2.1864e-13
1.34632e-25
6.75935e-26
1.81558e-29
2.36579e-26
2.42216e-28
1.19127e-28
5.49064e-31
6.58067e-07
4.68122e-13
2.34287e-13
9.75863e-26
1.18104e-13
2.41911e-26
1.06317e-26
1.32838e-29
5.86289e-14
1.24553e-26
5.19638e-27
2.34862e-29
2.48112e-27
9.31948e-30
3.30614e-30
3.15659e-32
2.93203e-14
6.75376e-24
3.33963e-24
3.11216e-26
1.33649e-24
1.21662e-26
5.88937e-27
4.08492e-29
5.16638e-25
5.20936e-27
2.62472e-27
1.00127e-29
1.11766e-27
1.13912e-29
5.42444e-30
3.47226e-32
3.33122e-07
1.28288e-13
6.42275e-14
8.00217e-27
3.21422e-14
8.53848e-27
4.328e-27
5.8025e-30
1.60798e-14
1.058e-24
5.27321e-25
4.11643e-27
5.64944e-26
4.17405e-28
1.7679e-29
9.14219e-32
8.04237e-15
1.67384e-24
8.4233e-25
3.51181e-27
3.10106e-25
2.22581e-27
6.61456e-28
3.73457e-30
1.55305e-25
3.2474e-27
1.66356e-27
4.61552e-30
4.68562e-28
4.54429e-30
2.22225e-30
1.383e-33
4.02189e-15
5.92927e-24
3.39934e-24
3.28188e-27
1.82695e-24
1.75204e-26
8.46093e-27
1.79638e-29
9.4564e-25
1.76904e-26
8.88878e-27
2.1318e-29
4.39792e-27
2.77596e-29
1.95179e-30
4.08809e-33
4.60879e-25
2.73329e-26
1.44376e-26
4.09699e-29
7.43129e-27
3.9508e-29
1.83729e-29
5.0405e-32
3.58682e-27
4.533e-29
1.50527e-29
1.1576e-31
6.78756e-30
8.22315e-32
3.77263e-32
2.00401e-34
0.00304942
6.61299e-06
3.68191e-06
1.36339e-11
1.9929e-06
4.10886e-12
2.05871e-12
6.13725e-24
1.04718e-06
1.15663e-12
5.79205e-13
4.96411e-25
2.89846e-13
1.45159e-25
7.26234e-26
3.60638e-28
5.39025e-07
3.13072e-13
1.56722e-13
3.95465e-26
7.84155e-14
4.40432e-24
1.93585e-24
7.83705e-27
3.9223e-14
5.71285e-27
2.82968e-27
2.94805e-30
1.10488e-27
2.15981e-29
1.0275e-29
2.33984e-32
2.7443e-07
8.38564e-14
4.19761e-14
5.30251e-27
2.10038e-14
5.43772e-25
1.65798e-25
6.43994e-28
1.0556e-14
2.99516e-24
1.52807e-24
5.25201e-27
7.80203e-25
5.92903e-27
2.8419e-27
1.01026e-29
5.25464e-15
8.21364e-25
4.17928e-25
1.5402e-27
1.46046e-25
8.88466e-28
2.29171e-28
1.89057e-31
6.90721e-26
1.22137e-27
5.86127e-28
5.448e-30
2.92686e-28
3.54833e-30
1.78602e-30
6.90249e-33
1.36316e-07
2.24555e-14
1.12445e-14
6.50968e-25
5.62827e-15
4.79677e-25
2.37547e-25
8.32323e-28
2.81604e-15
7.02159e-26
3.20966e-26
1.00187e-28
4.4935e-27
5.07575e-29
1.74434e-29
9.22573e-32
1.40857e-15
7.64943e-25
4.19846e-25
1.11985e-27
2.1915e-25
1.56681e-27
6.91158e-28
1.11147e-30
1.11525e-25
1.82475e-27
9.23231e-28
1.56042e-29
4.60397e-28
6.64937e-30
3.33844e-30
7.19181e-33
6.42387e-16
2.65899e-25
1.40531e-25
4.57926e-28
7.16326e-26
3.56719e-28
9.42214e-29
3.22949e-31
3.14006e-26
3.5815e-28
1.77652e-28
1.01688e-30
6.13052e-29
9.53029e-31
4.44702e-31
4.29781e-34
1.12175e-26
2.77986e-28
1.37056e-28
4.13331e-31
6.92387e-29
2.35413e-31
1.10848e-31
1.39166e-35
1.64e-29
4.6397e-31
2.27276e-31
1.21129e-33
9.91889e-33
2.36757e-34
1.13069e-34
1.19294e-36
7.09102e-08
6.54346e-15
3.27911e-15
1.67337e-26
1.64233e-15
1.51043e-26
4.47295e-27
1.96566e-29
8.22055e-16
5.22521e-26
1.61955e-26
2.72256e-29
5.34972e-27
3.94357e-29
1.92337e-29
6.44171e-32
4.11288e-16
5.18978e-26
2.59437e-26
1.15987e-28
1.24658e-26
2.42239e-28
1.21485e-28
6.53991e-31
2.1195e-27
2.47363e-29
1.24505e-29
2.30979e-32
6.1862e-30
3.96636e-32
1.79898e-32
6.91291e-36
2.0572e-16
8.74112e-26
4.59746e-26
8.90668e-30
2.34549e-26
1.64101e-28
6.97314e-29
7.58995e-32
1.03844e-26
3.08322e-28
1.57448e-28
1.81466e-31
7.93393e-29
6.06465e-31
2.79133e-31
9.44361e-34
4.7363e-27
8.87591e-29
4.45568e-29
1.60389e-31
2.16386e-29
2.36697e-31
1.16667e-31
2.20826e-34
3.33638e-30
4.00399e-32
1.72734e-32
1.79915e-35
8.47264e-33
1.81391e-34
9.23265e-35
3.08027e-37
1.02886e-16
6.11758e-23
3.48971e-23
8.74592e-38
1.87262e-23
2.05016e-25
9.21019e-26
4.39332e-28
9.67044e-24
1.83934e-25
9.2807e-26
3.30955e-28
4.54183e-26
1.50365e-28
1.11292e-29
3.5777e-32
4.68299e-24
1.25676e-25
6.39803e-26
9.2261e-29
3.02656e-26
1.75734e-28
5.69847e-29
2.88885e-31
1.38778e-26
1.48158e-28
6.90777e-29
1.80442e-31
1.77716e-29
1.48619e-31
7.03335e-32
1.62966e-34
2.28777e-24
2.32718e-25
1.29938e-25
2.13369e-28
6.8698e-26
5.93156e-28
1.70737e-28
1.17067e-30
3.51186e-26
9.10094e-28
4.60594e-28
1.57584e-30
2.25903e-28
2.07555e-30
8.81662e-31
2.21707e-33
1.76716e-26
5.20439e-28
2.55859e-28
3.26084e-31
1.05983e-28
5.38383e-31
2.6877e-31
9.25264e-34
2.32757e-29
1.01547e-30
5.31063e-31
7.29012e-34
2.69715e-31
4.25933e-33
2.03196e-33
1.92477e-36
0.43557
0.205525
0.147931
0.0129988
0.0948181
0.00501926
0.00265029
3.68625e-06
0.0553134
0.00164503
0.00085192
3.93359e-07
0.000434601
1.04216e-07
5.2153e-08
1.85449e-15
0.03033
0.000488185
0.000250738
3.62125e-08
0.000127533
9.63627e-09
4.8213e-09
1.84564e-17
6.44155e-05
2.5072e-09
1.25418e-09
1.30058e-18
6.27239e-10
3.25595e-19
1.62797e-19
9.24553e-27
0.0161089
0.000139223
7.16321e-05
3.26054e-09
3.65573e-05
8.84539e-10
4.42536e-10
1.84663e-19
1.85153e-05
2.33192e-10
1.16646e-10
1.33286e-20
5.8336e-11
3.33869e-21
1.66909e-21
9.46684e-29
9.32658e-06
6.03614e-11
3.01912e-11
9.27328e-22
1.50984e-11
2.32589e-22
1.16282e-22
2.12805e-27
7.54989e-12
5.82471e-23
2.90928e-23
7.51407e-28
1.45201e-23
1.12495e-25
5.55887e-26
1.57462e-28
0.00849467
4.01914e-05
2.09162e-05
3.17689e-10
1.07797e-05
8.87171e-11
4.4389e-11
2.17312e-21
5.25119e-06
2.38152e-11
1.00937e-11
1.41209e-22
5.95833e-12
4.04718e-23
2.02358e-23
1.35668e-28
2.77881e-06
6.23638e-12
3.11937e-12
1.146e-23
1.56e-12
2.87635e-24
1.43451e-24
2.2976e-27
7.80082e-13
7.33346e-25
3.66564e-25
5.06865e-28
1.82045e-25
3.29752e-27
1.66442e-27
1.09895e-29
1.39855e-06
1.61916e-12
8.09886e-13
8.05308e-25
4.05028e-13
2.05271e-25
1.02256e-25
6.35987e-28
2.02537e-13
5.37119e-26
2.62377e-26
8.26488e-29
1.26971e-26
1.07492e-28
3.81196e-29
3.11136e-31
1.01275e-13
2.57692e-23
1.35417e-23
1.40014e-32
6.89788e-24
5.42964e-26
1.99608e-26
9.01508e-29
3.47991e-24
8.51844e-26
4.3091e-26
1.41591e-28
6.18347e-27
4.04301e-29
1.82652e-29
8.19592e-32
0.00455113
1.23392e-05
6.55315e-06
3.60083e-11
3.43041e-06
1.03696e-11
5.18983e-12
3.36119e-23
1.76609e-06
2.46778e-12
1.23489e-12
2.31287e-24
7.09471e-13
6.52577e-25
3.26029e-25
1.04169e-27
8.98604e-07
7.50501e-13
3.75444e-13
1.88286e-25
1.63332e-13
4.38615e-26
2.13982e-26
1.98415e-28
9.39015e-14
2.51338e-26
1.24925e-26
1.01934e-29
3.60089e-27
6.36291e-29
3.12803e-29
8.55412e-32
4.53527e-07
1.96375e-13
9.82311e-14
1.32129e-26
4.91284e-14
5.57173e-25
2.27578e-25
8.59903e-28
2.45678e-14
1.97432e-24
9.89677e-25
6.34911e-28
4.22688e-25
3.52625e-27
1.77521e-27
1.11078e-30
1.23176e-14
1.1917e-24
6.05864e-25
1.88548e-27
3.01449e-25
1.35604e-27
6.70186e-28
1.84171e-30
1.92614e-26
2.88838e-28
1.42542e-28
1.18547e-31
3.67176e-29
2.63836e-31
1.20283e-31
1.928e-34
2.283e-07
5.17744e-14
2.59014e-14
1.04326e-27
1.29552e-14
3.40168e-25
1.67978e-25
2.21727e-28
6.4789e-15
8.54618e-26
3.13027e-26
3.39654e-29
2.11249e-27
1.09119e-29
2.82319e-30
1.8187e-32
3.23982e-15
3.30035e-25
1.7005e-25
5.36435e-28
8.44618e-26
1.21665e-27
5.42617e-28
1.28072e-30
4.13818e-26
5.55066e-28
2.62139e-28
1.92314e-30
1.25831e-28
4.34084e-31
2.11986e-31
5.8254e-34
1.62001e-15
7.96197e-25
4.39153e-25
6.59581e-28
2.30864e-25
2.11326e-27
1.05175e-27
8.87805e-30
1.09054e-25
1.88999e-27
9.44961e-28
1.31703e-30
4.64758e-28
4.51498e-30
2.08666e-30
1.27838e-32
3.89214e-26
9.50194e-28
4.81043e-28
6.95144e-31
2.23053e-28
1.06988e-30
4.88576e-31
1.41293e-33
7.92471e-29
1.19824e-30
5.98463e-31
2.75774e-33
2.38674e-31
1.96287e-33
9.74279e-34
2.18418e-36
0.00254382
4.22031e-06
2.29813e-06
4.97114e-12
1.22508e-06
1.46866e-12
7.35385e-13
7.35239e-25
6.37654e-07
4.07446e-13
2.03933e-13
1.73303e-24
1.02022e-13
7.11616e-25
3.3942e-25
8.00842e-28
3.26307e-07
1.08747e-13
5.44132e-14
5.67351e-26
2.72176e-14
6.55707e-25
3.14747e-25
1.80216e-27
1.36118e-14
2.67482e-25
1.32985e-25
1.17401e-27
5.3199e-27
1.9294e-29
7.87638e-30
2.54044e-32
1.6536e-07
2.85806e-14
1.42989e-14
5.79905e-26
7.1521e-15
1.99905e-25
9.96063e-26
2.50361e-28
3.57681e-15
2.7847e-25
1.45255e-25
7.94739e-28
7.24336e-26
9.18349e-28
4.60838e-28
9.81241e-31
1.78861e-15
6.14092e-26
2.95866e-26
1.1691e-28
8.08228e-27
5.9176e-29
2.84427e-29
2.99919e-31
2.8604e-28
3.93874e-30
1.9564e-30
1.41804e-32
9.25139e-31
1.40377e-32
4.97584e-33
1.3245e-35
8.34438e-08
7.55483e-15
3.77996e-15
3.27772e-27
1.89085e-15
2.10311e-26
9.93306e-27
4.21366e-29
9.45691e-16
1.84078e-26
8.493e-27
4.28626e-30
3.89443e-27
1.43848e-29
4.57568e-30
5.87888e-32
4.72921e-16
2.89714e-26
1.19328e-26
2.82527e-29
4.65824e-27
1.01371e-29
2.98803e-30
8.81546e-33
2.28289e-27
7.15729e-29
3.67086e-29
1.11457e-31
1.8403e-29
1.97824e-31
8.18002e-32
2.32563e-34
2.36481e-16
6.04933e-23
3.39328e-23
5.3514e-37
1.79399e-23
5.81688e-26
1.13356e-26
5.59922e-30
9.2015e-24
9.08923e-26
4.31887e-26
1.8245e-28
1.86046e-26
1.48292e-28
3.59281e-29
1.43437e-31
4.54552e-24
2.11619e-25
1.10553e-25
3.08008e-28
5.61921e-26
1.70535e-28
6.86874e-29
1.20047e-31
2.38835e-26
1.93223e-28
9.22531e-29
1.89254e-31
3.69433e-29
3.4661e-31
1.6805e-31
8.65857e-34
4.21077e-08
2.05533e-15
1.0287e-15
1.155e-26
5.14722e-16
1.09837e-26
5.55072e-27
2.9017e-30
2.57479e-16
3.48899e-27
1.59794e-27
5.24414e-30
7.44348e-28
4.57947e-30
9.03672e-31
8.83088e-33
1.28773e-16
1.20427e-23
6.27492e-24
3.20272e-26
3.14503e-24
6.38976e-27
3.11506e-27
3.78912e-29
1.52002e-24
7.55003e-26
3.94794e-26
2.41878e-28
2.0124e-26
5.34497e-28
2.73001e-28
3.39771e-31
6.43962e-17
8.4028e-24
4.45444e-24
2.14679e-26
2.29138e-24
4.68522e-26
2.26594e-26
2.11407e-29
1.08787e-24
1.67233e-26
8.32613e-27
3.51513e-29
4.91738e-28
2.98013e-30
1.44079e-30
6.2483e-33
2.70128e-25
5.3465e-27
2.66708e-27
1.04549e-29
1.26465e-27
1.11555e-29
4.36904e-30
1.20092e-32
6.20836e-28
4.94572e-30
2.22079e-30
6.01823e-33
1.07817e-30
3.46939e-33
1.11887e-33
1.14387e-35
3.22009e-17
1.51296e-23
9.81772e-24
3.24533e-26
5.72596e-24
2.77524e-26
1.38957e-26
4.43441e-29
3.11116e-24
3.24502e-26
1.38779e-26
5.58825e-30
6.87488e-27
8.59418e-29
3.75072e-29
2.14614e-31
1.62125e-24
8.5316e-26
4.45552e-26
3.70886e-29
2.20271e-26
1.83925e-28
9.09644e-29
5.63404e-32
9.624e-27
1.67696e-28
7.98451e-29
3.32391e-32
2.63404e-29
4.97247e-31
2.50331e-31
6.05294e-34
7.7545e-25
7.1016e-26
3.90607e-26
1.40336e-29
2.04566e-26
9.44743e-29
4.52656e-29
1.18489e-31
1.04059e-26
5.51779e-29
2.04107e-29
1.12089e-31
9.27045e-30
3.62872e-32
1.50171e-32
1.334e-34
5.07697e-27
1.03751e-28
5.18692e-29
2.12432e-31
2.48254e-29
2.86907e-31
1.28441e-31
4.58979e-34
9.45186e-30
8.72827e-32
2.70335e-32
2.1373e-35
8.88085e-33
1.3581e-34
6.32375e-35
8.14738e-38
0.0015311
1.66443e-06
9.25638e-07
8.60722e-13
5.00615e-07
2.5851e-13
1.29501e-13
1.23291e-24
2.62848e-07
7.238e-14
3.62388e-14
6.73261e-27
1.81324e-14
6.23921e-26
1.90641e-26
4.40081e-29
1.35152e-07
1.94026e-14
9.7104e-15
4.45359e-26
4.85774e-15
1.19586e-26
5.47356e-27
5.10237e-30
2.42956e-15
6.62379e-26
3.40517e-26
1.88404e-28
1.66383e-26
1.55029e-28
7.77251e-29
5.53191e-32
6.86763e-08
5.10363e-15
2.55376e-15
1.39964e-26
1.27748e-15
3.37769e-26
1.83131e-27
3.00945e-30
6.38917e-16
1.78727e-26
8.78232e-27
2.69411e-29
4.42569e-27
1.46747e-29
6.59754e-30
2.13713e-32
3.19507e-16
3.60194e-27
1.79428e-27
1.14188e-29
7.4597e-28
1.00066e-29
4.9917e-30
2.65834e-32
2.41622e-28
1.72818e-30
7.34738e-31
2.08163e-33
1.00119e-31
6.61376e-34
3.22689e-34
2.56342e-36
3.59981e-08
1.2228e-15
6.79264e-16
1.84055e-27
2.99823e-16
2.69714e-27
1.19604e-27
1.01014e-29
1.6854e-16
5.85659e-24
2.98112e-24
7.05363e-27
1.45807e-24
2.13586e-26
1.07359e-26
1.46088e-29
8.42878e-17
1.85556e-24
8.91441e-25
3.8243e-27
3.72798e-25
2.61874e-27
1.20958e-27
5.43139e-30
1.85819e-25
7.55406e-27
3.93312e-27
1.49851e-29
2.00398e-27
2.32284e-29
1.0164e-29
3.82562e-32
4.21485e-17
6.26402e-24
3.47909e-24
2.85878e-26
1.83767e-24
1.40848e-26
1.29431e-27
5.16241e-30
9.33691e-25
2.72864e-26
1.39086e-26
1.088e-29
6.7067e-27
2.16349e-29
9.2212e-30
3.78363e-32
4.69715e-25
1.20633e-26
6.10562e-27
2.39594e-29
2.99083e-27
1.95388e-29
4.33762e-30
1.59462e-32
1.08693e-27
1.77673e-29
8.72486e-30
7.77423e-32
3.3647e-30
3.0884e-32
1.51069e-32
1.70453e-35
1.75523e-08
3.63934e-16
1.82192e-16
9.91808e-28
9.11815e-17
4.06093e-27
7.21289e-28
1.17397e-30
4.56183e-17
7.88932e-25
3.95213e-25
7.97735e-28
8.38686e-29
1.75188e-30
4.03095e-31
1.19142e-34
2.28171e-17
8.77605e-25
4.40911e-25
2.43204e-27
2.20708e-25
3.0961e-27
1.43431e-27
1.7352e-30
8.31209e-26
1.19063e-27
5.83192e-28
3.30605e-30
1.17031e-28
8.9161e-31
4.16091e-31
3.07383e-33
1.14108e-17
6.71563e-25
3.47894e-25
4.5951e-28
1.75446e-25
1.07423e-27
5.23083e-28
5.49501e-31
8.61684e-26
9.55102e-28
4.77669e-28
2.39601e-30
1.22823e-28
2.71057e-30
1.38065e-30
4.18065e-33
3.84258e-26
1.08602e-27
5.5341e-28
8.34849e-31
2.72117e-28
9.43208e-30
4.87649e-30
1.07637e-32
1.14258e-28
4.93811e-30
2.51988e-30
1.34913e-32
1.28367e-30
9.60836e-33
4.77731e-33
2.20813e-35
5.70596e-18
6.3145e-25
3.41708e-25
2.28422e-27
1.77992e-25
1.40376e-27
7.05017e-28
1.94552e-30
8.05962e-26
3.32667e-27
1.70008e-27
7.43284e-30
8.5999e-28
6.36652e-30
2.51857e-31
4.89641e-34
4.04e-26
9.88574e-28
4.91113e-28
1.22944e-30
2.27804e-28
2.16585e-30
1.05611e-30
5.8218e-33
9.39489e-29
1.26758e-30
6.28387e-31
2.25581e-33
3.05554e-31
3.1363e-33
1.92416e-34
2.99909e-37
1.89796e-26
2.12428e-27
1.19722e-27
2.49002e-30
6.36777e-28
4.70551e-30
2.32928e-30
5.97025e-33
3.23663e-28
2.87913e-30
1.2919e-30
1.25398e-33
6.3278e-31
1.25639e-32
6.36503e-33
1.10905e-35
1.60022e-28
6.6056e-30
3.41798e-30
4.14749e-33
1.72979e-30
1.64291e-32
5.51585e-33
5.06795e-35
4.73323e-31
4.62209e-33
2.22212e-33
4.54735e-36
3.35752e-34
5.33322e-36
2.28193e-36
1.38038e-39
9.27874e-09
1.07009e-16
5.36096e-17
4.5166e-28
2.68456e-17
1.16855e-25
6.48892e-29
1.91595e-31
1.34361e-17
8.72851e-26
3.31454e-26
3.76808e-29
1.0971e-26
1.46209e-28
5.07914e-29
6.19213e-32
6.72187e-18
2.64825e-25
1.36068e-25
7.68657e-29
6.75599e-26
1.47344e-28
3.72015e-29
1.61333e-31
2.7695e-26
5.75461e-28
2.92766e-28
1.88257e-30
5.90328e-29
6.99959e-31
3.51073e-31
2.55033e-33
3.36202e-18
3.33118e-25
1.80794e-25
6.57855e-28
9.40229e-26
8.77968e-28
3.41551e-28
7.48413e-31
4.74214e-26
6.01142e-28
2.70348e-28
2.70662e-30
6.52858e-29
3.65348e-31
1.76764e-31
6.75988e-35
2.07372e-26
7.1756e-28
3.68414e-28
1.57245e-30
1.85425e-28
1.24297e-30
5.87025e-31
8.19797e-34
8.05385e-29
4.51912e-30
2.39119e-30
4.16818e-33
1.22778e-30
1.13522e-32
5.68802e-33
7.34273e-36
1.68128e-18
2.01289e-25
1.13679e-25
1.82908e-28
6.04697e-26
5.23003e-28
2.48914e-28
5.34184e-31
3.11145e-26
1.00115e-27
5.11128e-28
6.06038e-31
2.55815e-28
2.26489e-30
1.13429e-30
9.18448e-33
1.52846e-26
2.41684e-28
1.12971e-28
8.31219e-31
4.73625e-29
5.07617e-31
2.46907e-31
1.09017e-33
2.01061e-29
5.18845e-31
2.64158e-31
2.13162e-33
1.30777e-31
4.77901e-34
1.84563e-34
8.02363e-37
4.32946e-27
1.2885e-28
6.6053e-29
4.15632e-31
3.25064e-29
2.74238e-31
1.25484e-31
4.55365e-34
1.20922e-29
2.04334e-31
1.02979e-31
5.9966e-34
4.98961e-32
3.81741e-34
1.79803e-34
5.65057e-38
1.7636e-31
7.35718e-33
3.80579e-33
1.81965e-35
1.91366e-33
1.70357e-35
8.41222e-36
1.82512e-38
9.48485e-34
1.70504e-35
8.63733e-36
4.21691e-38
4.23545e-36
2.49444e-38
6.7353e-39
7.87301e-41
7.37841e-19
1.5982e-22
9.02932e-23
5.34055e-28
4.80828e-23
1.61544e-28
7.03854e-29
1.43702e-31
2.48027e-23
2.60653e-25
1.2741e-25
6.6248e-28
4.10188e-26
2.92464e-28
1.46862e-28
6.31848e-31
1.25785e-23
3.44925e-25
1.7517e-25
7.21947e-28
6.52342e-26
5.66062e-28
2.30176e-28
3.84275e-31
1.2584e-26
1.07257e-28
5.26144e-29
1.73546e-31
2.3153e-29
2.4471e-32
9.3692e-33
3.05885e-35
6.31419e-24
4.85306e-25
2.61118e-25
1.55114e-27
1.35227e-25
1.47148e-27
2.63988e-28
3.73052e-31
6.85405e-26
8.61184e-28
3.84728e-28
8.54066e-31
7.56097e-29
7.472e-31
1.82828e-31
1.0332e-33
3.22968e-26
5.16267e-28
2.57588e-28
1.1129e-30
9.53615e-29
5.30236e-31
2.55623e-31
7.43456e-34
4.43693e-29
1.05661e-30
5.37489e-31
1.69628e-33
2.71012e-31
3.76381e-33
1.81335e-33
1.08255e-35
5.92544e-28
6.83763e-29
3.87294e-29
5.24006e-32
2.06656e-29
2.38511e-31
1.0594e-31
2.54265e-34
1.01264e-29
1.36359e-31
6.70455e-32
1.25725e-34
3.32154e-32
3.40088e-34
1.68254e-34
2.27092e-37
5.07452e-30
1.39766e-31
7.14074e-32
4.53078e-35
3.60526e-32
1.22251e-34
1.70106e-35
1.08664e-37
1.09983e-32
1.39239e-34
6.31737e-35
2.98878e-37
1.78931e-35
3.72805e-37
1.8163e-37
8.82327e-40
1.37638e-30
5.35506e-32
2.6919e-32
5.66366e-35
1.36402e-32
2.30834e-34
1.11778e-34
2.8369e-37
5.96755e-33
6.68572e-35
3.34239e-35
4.0561e-38
1.60624e-35
8.50981e-38
2.30471e-38
7.97113e-41
9.29238e-34
2.02319e-35
9.70648e-36
4.24965e-38
4.86787e-36
9.64274e-38
4.89315e-38
3.49731e-41
2.42693e-36
4.37451e-38
2.19655e-38
2.56593e-41
9.86252e-39
8.51048e-41
1.60892e-41
5.78191e-44
0.43557
0.205492
0.147854
0.0129545
0.0946869
0.00498502
0.00262684
3.54132e-06
0.0551343
0.00162211
0.000837308
3.65786e-07
0.000425998
9.55874e-08
4.78199e-08
1.37084e-15
0.0301173
0.000474592
0.000242389
3.17258e-08
0.000113956
7.22964e-09
3.20295e-09
8.07479e-18
6.18031e-05
2.12041e-09
1.06047e-09
7.78688e-19
5.30299e-10
1.94809e-19
9.74043e-20
3.8227e-27
0.015876
0.000131739
6.71258e-05
2.58833e-09
3.39959e-05
6.81906e-10
3.41064e-10
9.14691e-20
1.71314e-05
1.7628e-10
8.81593e-11
6.32395e-21
4.40845e-11
1.58223e-21
7.91117e-22
2.11543e-27
8.60361e-06
4.49841e-11
2.24956e-11
4.22994e-22
1.12487e-11
1.05876e-22
5.29376e-23
5.89181e-28
5.62458e-12
2.64833e-23
1.3241e-23
1.56982e-26
6.6204e-24
4.19425e-26
2.08731e-26
1.01872e-28
0.00825058
3.62225e-05
1.85539e-05
2.1829e-10
9.44576e-06
5.88492e-11
2.9435e-11
8.1159e-22
4.77743e-06
1.544e-11
7.72191e-12
5.76808e-23
3.86144e-12
1.44467e-23
7.2223e-24
1.12272e-25
2.40457e-06
3.97636e-12
1.98852e-12
3.92776e-24
9.99957e-13
9.88839e-25
4.91964e-25
3.46498e-27
4.97198e-13
1.0393e-23
5.18561e-24
2.2281e-26
2.43867e-24
7.32641e-27
2.8515e-27
1.04814e-29
1.20673e-06
1.01505e-12
5.07604e-13
2.63804e-25
2.53823e-13
6.56832e-25
1.77844e-25
5.02439e-28
1.26917e-13
1.63446e-24
7.63968e-25
2.59548e-27
3.68878e-25
1.29874e-27
6.33054e-28
1.62154e-30
6.34597e-14
1.73072e-24
8.8323e-25
8.89023e-28
4.369e-25
4.98013e-27
2.5168e-27
5.75352e-30
1.95123e-25
7.7452e-27
4.01264e-27
2.31949e-30
2.04357e-27
9.64793e-30
1.41252e-30
2.16972e-33
0.00430116
1.02586e-05
5.32516e-06
2.05599e-11
2.74045e-06
5.71755e-12
2.86019e-12
8.9967e-24
1.39582e-06
1.5286e-12
7.64576e-13
6.58631e-25
3.82355e-13
1.65525e-25
8.24652e-26
7.92581e-29
6.02378e-07
3.30717e-13
1.65407e-13
2.74994e-25
8.43068e-14
1.07427e-26
5.10847e-27
3.332e-29
4.97826e-14
1.20064e-24
6.20977e-25
3.64289e-27
3.14047e-25
2.19148e-27
1.09297e-27
9.16767e-30
3.54818e-07
1.02391e-13
5.12053e-14
1.35608e-25
2.56053e-14
9.33917e-26
3.79759e-26
3.3878e-28
1.28034e-14
3.55583e-25
1.85576e-25
2.83806e-28
9.4248e-26
4.02557e-28
1.00299e-28
3.26629e-31
6.40188e-15
1.47471e-25
7.57225e-26
1.42026e-28
3.80143e-26
7.17834e-28
3.61097e-28
4.27009e-30
1.87833e-26
1.39613e-28
5.50956e-29
1.53129e-31
1.8796e-29
1.58462e-31
7.66861e-32
3.11544e-34
1.78054e-07
2.63268e-14
1.31662e-14
2.7901e-26
6.58389e-15
2.08805e-26
8.71745e-27
1.1278e-29
3.29217e-15
1.03178e-26
3.27248e-27
1.0452e-29
5.15578e-28
9.34266e-30
4.63752e-30
6.94763e-33
1.64615e-15
2.56131e-26
1.2704e-26
1.04096e-28
5.97538e-27
3.30482e-29
1.5188e-29
6.01306e-32
2.41567e-27
8.93449e-29
4.62075e-29
2.50166e-32
2.22579e-29
1.1481e-31
5.41125e-32
3.67028e-35
8.23089e-16
7.92561e-23
4.23849e-23
1.20393e-36
2.19158e-23
7.95267e-29
2.68805e-36
1.02677e-38
1.10657e-23
1.24902e-25
6.15562e-26
1.34525e-28
1.90817e-26
1.80715e-28
7.78713e-29
3.00385e-31
5.52415e-24
1.21718e-25
6.14891e-26
1.62805e-28
2.73303e-26
2.61866e-28
1.2794e-28
5.04105e-31
1.32921e-26
3.11256e-29
8.07789e-30
2.67279e-32
1.86121e-30
1.45808e-32
7.27641e-33
5.26999e-35
0.00229083
3.11873e-06
1.65382e-06
2.29082e-12
8.64949e-07
6.57732e-13
3.29136e-13
4.97039e-25
4.45036e-07
1.79157e-13
7.79863e-14
6.43653e-25
4.4829e-14
1.68089e-25
8.22554e-26
2.46651e-28
2.26205e-07
4.0963e-14
2.35874e-14
5.92445e-26
1.02479e-14
6.18982e-26
2.86529e-26
7.93346e-29
5.89874e-15
5.27696e-26
2.6605e-26
1.61017e-28
4.20816e-27
4.70636e-29
2.29345e-29
6.1302e-32
1.14144e-07
1.22094e-14
6.10649e-15
2.25633e-26
3.05375e-15
1.18434e-26
5.30151e-27
5.13974e-29
1.52701e-15
2.28919e-26
1.18625e-26
7.17219e-29
6.03262e-27
1.34509e-28
6.15799e-29
1.36293e-31
7.63543e-16
1.87661e-23
9.56612e-24
9.70704e-26
4.61719e-24
2.55952e-26
1.1692e-26
3.90349e-29
2.1493e-24
1.8311e-26
8.77507e-27
5.89002e-29
3.72993e-27
2.97879e-29
1.46639e-29
1.14846e-31
5.73906e-08
3.15635e-15
1.57861e-15
2.0531e-27
7.89444e-16
1.75615e-27
6.32479e-28
3.40939e-30
3.94763e-16
2.11955e-27
1.04613e-27
3.57546e-30
5.23296e-28
6.8668e-30
9.93655e-31
8.68287e-34
1.97393e-16
1.17964e-26
5.73302e-27
8.82067e-30
1.69849e-27
1.20552e-29
2.03116e-30
6.62758e-33
4.54656e-28
5.21771e-30
2.35966e-30
3.32701e-32
2.90515e-31
1.17324e-33
3.55594e-34
3.06849e-36
9.86993e-17
6.11431e-24
3.24481e-24
1.67353e-27
1.66647e-24
1.0188e-26
2.71949e-27
8.8613e-30
8.11548e-25
1.49316e-26
7.52807e-27
9.35976e-30
3.64929e-27
3.49709e-29
1.71707e-29
3.05908e-32
3.51139e-25
9.96711e-27
5.10248e-27
9.32134e-30
2.57882e-27
3.22368e-29
1.31751e-29
3.75336e-32
5.70558e-28
6.04923e-30
2.68548e-30
5.63449e-33
1.11688e-30
4.50103e-33
2.22676e-33
8.33055e-36
2.84367e-08
8.15927e-16
4.08122e-16
3.21275e-28
2.04115e-16
3.8385e-28
7.45785e-29
3.05477e-31
1.02074e-16
1.17457e-24
5.86287e-25
3.20564e-27
7.25687e-29
5.10574e-31
2.52477e-31
7.56982e-34
5.10417e-17
1.37905e-24
7.06805e-25
1.0502e-27
3.48546e-25
2.74478e-27
1.34372e-27
1.87318e-29
5.29423e-26
6.1078e-28
3.04258e-28
2.62677e-30
1.43615e-28
1.04932e-30
5.26838e-31
5.06411e-34
2.55221e-17
2.33606e-24
1.3116e-24
7.09839e-27
6.92337e-25
2.04149e-27
1.90703e-28
1.17714e-30
3.55403e-25
2.97595e-27
1.36098e-27
4.4858e-30
4.28346e-28
3.83225e-30
1.83288e-30
5.3244e-33
1.17303e-25
2.98972e-27
1.49496e-27
1.75797e-30
6.94279e-28
1.41724e-29
7.12989e-30
9.0007e-33
2.86588e-28
3.06121e-30
1.51895e-30
1.25585e-33
6.93497e-31
8.85648e-33
4.45514e-33
7.35559e-36
1.13163e-17
1.54939e-24
8.94535e-25
5.29272e-27
4.82619e-25
3.69062e-27
1.83308e-27
1.32242e-30
2.50949e-25
5.15736e-27
2.56493e-27
2.36975e-29
8.98636e-28
2.19028e-30
1.0182e-30
1.2784e-33
1.26878e-25
2.74601e-27
1.39622e-27
4.81933e-30
6.86399e-28
7.45876e-30
3.39239e-30
6.16296e-33
3.41073e-28
6.49122e-30
3.24631e-30
1.70799e-32
1.17402e-30
1.35275e-32
6.82079e-33
2.90645e-35
6.14079e-26
3.34832e-27
1.76585e-27
7.34549e-31
9.00326e-28
1.04399e-29
3.16693e-30
8.41445e-33
4.47147e-28
1.45632e-29
7.46944e-30
1.97494e-32
3.2752e-30
2.81491e-32
1.37003e-32
2.14997e-35
2.24373e-28
6.91236e-30
3.53276e-30
6.94071e-33
1.76737e-30
4.7953e-32
2.0324e-32
3.17535e-35
8.138e-31
1.8623e-32
8.99697e-33
1.26357e-35
4.08565e-33
1.3384e-35
5.05962e-36
1.5584e-38
0.00127658
1.06136e-06
5.77425e-07
3.13581e-13
3.07602e-07
8.22682e-14
4.63045e-14
5.11774e-26
1.60308e-07
2.26252e-14
1.27925e-14
1.46629e-26
6.39933e-15
2.541e-26
1.22639e-26
2.31495e-29
8.18576e-08
6.78416e-15
3.39415e-15
2.87473e-27
1.69763e-15
1.22765e-27
5.89626e-28
1.41972e-30
8.48961e-16
3.91087e-27
1.72002e-27
7.58116e-30
6.35461e-28
3.79328e-30
1.65394e-30
1.58475e-33
4.14475e-08
1.76434e-15
8.82554e-16
1.53729e-28
4.41388e-16
6.08745e-28
2.97588e-28
9.70851e-31
2.20725e-16
2.39469e-25
1.27682e-26
2.07284e-29
2.24229e-28
1.4309e-30
5.58328e-31
1.80561e-33
1.10371e-16
3.26442e-24
1.7076e-24
4.91977e-28
8.48819e-25
1.18603e-26
4.94423e-27
1.22417e-29
1.16793e-25
3.63561e-27
1.86671e-27
1.11567e-30
9.16729e-28
2.33301e-30
5.8158e-31
2.11282e-33
2.09402e-08
4.57211e-16
2.28699e-16
3.41629e-28
1.1438e-16
6.44254e-25
3.20909e-25
1.77782e-27
5.71994e-17
6.50998e-25
3.29688e-25
6.33191e-28
7.17435e-26
6.32833e-28
3.00535e-28
5.4117e-31
2.86022e-17
4.42359e-25
2.26253e-25
3.1981e-28
1.07171e-25
9.54881e-28
4.60881e-29
5.04739e-32
5.12851e-26
8.2839e-28
4.10382e-28
1.64415e-30
7.8501e-29
6.75667e-31
1.67155e-31
3.55208e-34
1.43018e-17
3.31272e-25
1.70972e-25
1.45047e-27
8.29567e-26
5.6245e-28
2.06197e-28
1.05398e-30
4.10857e-26
1.45221e-27
7.44514e-28
1.68295e-30
3.62851e-28
1.93651e-30
8.87711e-31
5.28172e-34
2.0219e-26
7.98661e-28
4.14748e-28
4.1175e-31
2.1088e-28
7.60321e-31
3.39032e-31
1.18931e-34
1.04884e-28
2.71662e-30
1.35552e-30
2.23849e-33
1.95616e-31
8.64883e-34
2.98599e-34
7.914e-37
1.05055e-08
1.19975e-16
6.002e-17
9.36197e-26
3.00218e-17
2.47788e-25
1.08837e-25
2.52089e-28
1.50146e-17
2.9095e-25
1.4696e-25
5.74496e-28
7.26291e-26
1.88009e-28
3.22532e-29
1.60226e-31
7.50835e-18
1.0567e-25
5.37448e-26
1.18353e-28
2.36593e-26
1.56297e-28
5.74543e-29
1.66075e-31
3.81128e-27
1.24595e-28
6.43213e-29
1.22752e-31
3.91186e-30
2.03008e-32
1.00583e-32
4.00272e-35
3.75445e-18
1.58738e-25
8.5094e-26
7.3488e-29
4.40825e-26
5.3166e-28
2.61895e-28
1.67014e-30
2.16366e-26
2.34994e-28
1.17064e-28
2.89092e-31
2.85209e-29
2.79101e-31
9.21482e-32
3.65996e-34
1.05874e-26
7.14155e-28
3.82157e-28
4.30579e-31
1.97285e-28
2.05166e-30
8.29098e-31
1.50915e-33
9.56476e-29
9.12044e-31
4.37064e-31
5.1602e-33
1.90227e-31
1.6343e-33
2.25607e-34
2.60225e-36
1.8773e-18
6.8967e-26
3.66244e-26
5.7958e-29
1.87005e-26
1.57517e-28
6.30336e-29
1.66407e-31
8.69022e-27
1.49014e-28
7.52876e-29
1.57395e-31
3.72044e-29
9.48862e-31
4.85982e-31
2.30506e-33
3.90696e-27
1.61512e-28
8.40192e-29
7.33168e-32
4.26933e-29
2.1151e-31
7.47172e-32
7.63827e-35
2.00797e-29
1.59429e-31
7.69581e-32
1.40213e-34
3.82034e-32
2.80324e-34
1.39573e-34
6.03875e-37
1.84912e-27
7.7533e-29
4.00486e-29
4.98662e-32
1.94114e-29
1.7569e-31
1.64264e-32
3.58185e-35
9.70988e-30
3.07301e-31
1.57616e-31
2.3335e-34
7.84924e-32
5.49279e-34
2.69928e-34
1.8585e-36
3.98027e-30
1.85476e-31
9.69589e-32
2.13797e-34
4.96232e-32
1.4473e-34
6.65162e-35
3.55506e-37
8.81241e-33
1.51466e-34
7.53848e-35
1.98734e-37
3.6775e-35
4.44409e-37
2.06587e-37
1.03388e-39
5.29296e-09
3.25204e-17
1.62742e-17
2.41178e-29
8.14239e-18
1.02673e-25
4.92134e-26
1.28078e-28
4.0729e-18
9.7205e-26
5.01919e-26
2.78824e-29
2.4075e-26
1.99016e-28
9.84758e-29
5.71815e-31
2.03693e-18
8.25036e-26
3.87703e-26
8.28475e-29
1.65114e-26
1.58742e-28
7.54429e-29
1.58219e-31
4.15594e-27
1.72896e-28
8.91958e-29
2.09188e-31
4.505e-29
4.08493e-31
1.86208e-31
1.80487e-34
1.01859e-18
5.04915e-26
2.84711e-26
6.75337e-29
1.48648e-26
4.10872e-29
6.7723e-30
5.00968e-33
7.41191e-27
1.00083e-28
3.84168e-29
6.75099e-32
1.33792e-29
7.2672e-32
2.79681e-32
2.13996e-35
4.96742e-28
3.20446e-29
1.70686e-29
9.80375e-32
8.77079e-30
4.72204e-32
2.27796e-32
7.47686e-35
4.27553e-30
1.05315e-31
5.32092e-32
9.30419e-35
2.69377e-32
2.14954e-34
9.78933e-35
5.06104e-37
5.09327e-19
6.61034e-23
3.70581e-23
1.25093e-42
1.96386e-23
2.36712e-25
1.18619e-25
7.8373e-28
1.00494e-23
1.56909e-25
7.89467e-26
6.18554e-29
3.18399e-26
9.37969e-29
4.38094e-29
3.34181e-31
5.03161e-24
1.53391e-25
7.89714e-26
2.29282e-28
3.98406e-26
1.89897e-28
7.60942e-29
3.20973e-31
1.64969e-26
1.34012e-28
5.87253e-29
2.01615e-32
2.68143e-29
3.75764e-31
1.6035e-31
5.41551e-34
5.37833e-25
7.87714e-26
4.65643e-26
1.42924e-28
2.55289e-26
2.76678e-28
1.11956e-28
7.27331e-31
1.29489e-26
1.99427e-28
9.48966e-29
5.01022e-31
2.08262e-29
7.26654e-32
1.32244e-33
5.84566e-36
6.57855e-27
1.77968e-28
9.03215e-29
1.90448e-31
4.55539e-29
3.45874e-31
1.67324e-31
1.02944e-33
2.29315e-29
4.38449e-31
2.20903e-31
8.66886e-34
1.08912e-31
1.02559e-33
6.55093e-35
1.1783e-37
2.54676e-19
1.37402e-23
7.15878e-24
6.17873e-26
3.63061e-24
5.78647e-26
1.77003e-26
2.04266e-29
1.76172e-24
1.5248e-26
5.88799e-27
1.87898e-29
2.17717e-27
3.21605e-29
1.61685e-29
3.68859e-32
8.51845e-25
2.95729e-26
1.52607e-26
1.07956e-29
7.51885e-27
2.26939e-29
8.43765e-30
7.26083e-32
3.59821e-27
7.8656e-29
3.99861e-29
2.17632e-31
1.88214e-29
2.94211e-31
1.45347e-31
8.63624e-35
4.04804e-25
1.62703e-26
8.34751e-27
1.83885e-30
4.10572e-27
3.69794e-29
1.30808e-30
4.42732e-33
1.71212e-27
2.7239e-29
1.36733e-29
4.88866e-32
6.86256e-30
4.52585e-32
2.21325e-32
2.45624e-35
9.58783e-29
4.7381e-30
2.47445e-30
6.28675e-33
1.25306e-30
1.35995e-32
5.01325e-33
3.78517e-36
1.1358e-31
1.13052e-33
3.03982e-34
1.6796e-36
1.39793e-34
4.75422e-37
2.38223e-37
7.38241e-40
1.16206e-29
1.20378e-30
6.71818e-31
3.23425e-33
3.53452e-31
1.97233e-33
9.71974e-34
2.61492e-36
1.80211e-31
1.60287e-33
6.13868e-34
2.48664e-36
2.55875e-34
2.39127e-36
1.198e-36
1.33641e-39
8.89378e-32
3.33839e-33
1.72897e-33
4.20248e-36
8.80037e-34
6.4745e-36
3.2301e-36
7.86124e-39
3.42123e-34
4.54381e-36
2.2794e-36
1.6328e-38
6.2704e-37
9.4831e-39
4.52949e-39
2.63602e-41
8.58395e-33
4.63435e-34
2.43468e-34
4.79234e-37
1.2444e-34
1.24806e-36
3.22876e-37
1.17103e-40
6.28236e-35
6.92203e-37
3.47053e-37
2.80764e-39
1.61689e-37
1.2161e-39
3.93823e-40
1.33292e-42
2.8878e-35
4.81953e-37
2.44113e-37
8.21601e-40
1.20119e-37
1.28995e-39
4.71297e-40
2.31078e-42
5.87263e-38
9.82911e-40
4.19033e-40
1.024e-42
2.04404e-40
1.68395e-42
8.4229e-43
7.21754e-45
0.000767155
4.17517e-07
2.32059e-07
5.40666e-14
1.25455e-07
1.62105e-14
8.12e-15
2.84112e-27
6.58447e-08
4.52647e-15
2.02248e-15
5.2099e-29
1.13379e-15
1.72784e-27
8.56764e-28
2.48437e-30
3.39031e-08
1.20961e-15
6.05298e-16
2.25939e-28
2.68415e-16
1.50243e-27
1.54347e-28
7.09272e-31
1.51218e-16
1.755e-28
8.0038e-29
2.92768e-31
3.92293e-29
6.28127e-31
1.82872e-31
3.66113e-34
1.66255e-08
2.78775e-16
1.39478e-16
1.61651e-28
7.87226e-17
6.59168e-29
3.05356e-29
1.01113e-31
3.93686e-17
2.54858e-25
1.27932e-25
2.07899e-28
2.3151e-26
1.29509e-28
2.06919e-30
3.57392e-33
1.96863e-17
1.73116e-25
8.82357e-26
8.56336e-29
4.42914e-26
6.09346e-28
3.03693e-28
1.91113e-30
2.47353e-27
3.1441e-29
1.33672e-29
8.53532e-32
4.75718e-30
6.4755e-32
3.16704e-32
6.45963e-35
8.66815e-09
8.14838e-17
4.07636e-17
1.34635e-25
2.03891e-17
1.23675e-25
6.2054e-26
1.13049e-28
1.01968e-17
5.95524e-26
2.98158e-26
1.71669e-28
1.02851e-26
2.06127e-28
1.04353e-28
1.5719e-31
5.09897e-18
6.99694e-26
3.50959e-26
4.0026e-28
9.30176e-27
1.2824e-28
2.19893e-29
1.51801e-32
2.02326e-27
1.26341e-29
6.33988e-30
2.27743e-32
3.04646e-30
2.77627e-32
1.3477e-32
3.52173e-36
2.54964e-18
6.31226e-26
3.36236e-26
1.20546e-29
1.7352e-26
1.60464e-28
6.79262e-29
3.36419e-31
8.74965e-27
2.08447e-28
1.057e-28
1.39802e-31
5.29604e-29
9.24881e-32
3.78717e-32
8.73542e-35
4.32761e-27
1.91905e-28
9.97705e-29
3.4554e-32
4.96823e-29
7.10811e-32
3.79587e-33
3.20429e-36
2.40147e-29
8.08498e-31
4.10982e-31
7.30111e-33
2.08124e-31
1.74619e-33
7.23206e-34
1.10342e-36
4.36621e-09
1.89508e-17
1.06664e-17
1.27825e-26
5.33626e-18
2.46435e-26
1.24165e-26
1.46923e-29
2.66912e-18
8.1549e-27
3.90384e-27
1.35663e-30
1.91112e-27
5.08594e-29
2.37003e-29
1.32851e-32
1.33484e-18
4.60895e-26
2.54924e-26
2.76616e-29
1.33324e-26
5.07045e-29
1.81121e-29
1.69162e-31
6.83694e-27
1.58219e-28
7.88757e-29
4.74211e-31
1.15803e-29
5.97149e-32
2.32039e-32
3.65862e-35
6.67469e-19
1.87559e-26
1.01225e-26
6.11903e-29
5.2366e-27
3.9927e-29
1.06193e-29
2.51447e-32
2.64394e-27
3.38476e-29
1.67766e-29
1.05327e-31
8.11086e-30
1.45964e-31
7.39996e-32
5.75892e-34
1.16788e-27
4.9677e-29
2.58309e-29
1.16142e-31
1.3056e-29
3.78168e-32
3.09277e-33
2.47896e-35
6.18844e-30
8.78108e-32
4.25678e-32
2.31735e-34
1.02565e-32
4.05677e-35
1.9332e-35
5.57374e-39
3.33718e-19
5.56139e-23
3.37049e-23
1.63445e-43
1.87442e-23
5.00663e-25
2.56821e-25
6.87793e-28
9.91661e-24
2.35546e-25
1.19505e-25
5.83661e-28
5.78333e-26
4.59127e-28
2.27759e-28
2.5864e-31
5.09479e-24
2.35451e-25
1.23321e-25
3.8032e-28
6.30229e-26
4.26466e-28
1.37696e-28
7.55045e-31
3.169e-26
3.98e-28
1.93208e-28
1.06503e-30
7.52803e-29
5.48684e-31
2.69796e-31
1.25896e-33
2.57438e-24
5.17231e-26
2.60619e-26
9.31361e-29
1.0885e-26
1.3145e-28
6.55977e-29
1.70524e-31
2.8158e-27
3.74854e-29
1.87548e-29
2.03377e-32
6.11465e-30
2.46159e-32
1.02216e-32
5.66879e-35
1.07697e-27
1.35831e-29
6.50396e-30
7.32757e-32
2.41493e-30
3.06646e-32
1.48691e-32
1.67509e-35
2.12595e-31
5.74413e-33
2.84374e-33
7.98613e-36
1.15342e-33
1.95785e-35
9.77755e-36
1.77057e-39
2.20321e-09
5.7422e-18
2.87543e-18
1.20371e-27
1.43962e-18
9.28189e-27
4.7155e-27
1.86522e-29
7.20473e-19
3.51662e-27
1.70341e-27
4.82233e-30
5.04642e-28
8.75659e-30
4.40901e-30
1.74654e-33
3.60433e-19
2.43615e-27
8.71325e-28
3.32677e-30
4.3185e-28
1.3288e-30
4.60116e-31
2.91743e-33
2.0465e-28
5.48787e-30
2.79932e-30
2.04874e-33
1.32341e-30
4.00002e-33
1.03995e-33
6.16593e-36
1.80233e-19
1.52869e-23
8.3892e-24
4.18896e-26
4.38328e-24
1.79914e-26
3.20468e-27
5.99942e-30
2.2421e-24
6.00772e-26
3.06497e-26
1.18365e-28
1.16182e-26
8.54965e-29
3.12205e-29
7.24586e-32
1.13259e-24
3.57574e-26
1.82401e-26
3.39456e-29
9.15655e-27
3.67321e-29
1.57365e-29
7.38731e-32
3.84891e-27
6.89387e-29
3.46041e-29
1.76311e-31
1.71526e-29
4.88865e-32
1.4843e-32
4.41984e-36
8.9976e-20
1.56162e-23
9.61278e-24
1.22526e-26
5.40495e-24
1.47566e-25
7.56777e-26
5.36002e-28
2.87206e-24
5.98745e-26
3.00853e-26
4.03083e-29
1.50342e-26
4.44461e-28
2.28837e-28
8.95641e-31
1.4596e-24
2.84464e-26
1.3429e-26
2.75146e-30
6.69165e-27
1.27479e-28
6.46313e-29
2.00054e-31
3.33944e-27
3.81731e-29
1.92639e-29
3.78566e-32
6.91693e-30
6.75545e-32
2.89474e-32
3.33101e-34
5.60123e-25
2.70923e-26
1.42959e-26
4.14252e-29
7.1939e-27
3.69941e-29
1.83178e-29
5.29282e-32
3.37052e-27
5.24767e-29
2.60615e-29
4.69421e-32
1.22122e-29
3.84675e-31
1.97755e-31
7.05029e-34
1.1055e-27
2.49835e-29
1.25513e-29
6.95821e-32
5.7972e-30
3.66002e-32
1.08596e-32
3.94672e-35
2.24283e-30
6.2461e-32
3.19266e-32
1.74755e-34
1.58855e-32
1.95666e-34
9.80902e-35
6.23064e-38
4.49885e-20
8.05572e-24
4.98621e-24
7.88253e-27
2.81047e-24
8.67697e-26
4.22787e-26
5.39811e-29
1.49538e-24
5.11824e-26
2.64107e-26
7.04266e-29
1.33315e-26
2.67882e-28
1.34886e-28
3.10285e-31
7.32711e-25
1.61996e-26
8.25245e-27
3.14826e-29
3.90667e-27
2.28889e-29
1.1134e-29
4.97917e-32
6.24397e-28
8.52927e-30
4.18439e-30
1.32979e-32
1.73963e-30
1.0728e-32
3.84445e-33
1.00459e-35
3.02964e-25
1.72402e-26
9.12218e-27
3.77963e-31
4.67846e-27
8.07698e-29
4.0616e-29
5.48921e-32
7.11015e-28
8.47062e-30
4.24081e-30
1.92071e-32
1.9587e-30
1.51683e-32
5.28879e-33
1.82656e-35
3.37382e-28
2.01878e-29
1.06986e-29
4.65454e-32
5.47053e-30
4.88767e-32
2.42161e-32
6.77847e-35
2.77304e-30
5.30545e-32
2.648e-32
3.36487e-35
1.13413e-32
1.01706e-34
3.52391e-35
9.53122e-38
7.96785e-26
7.41968e-27
4.08664e-27
1.98966e-29
2.13962e-27
3.9154e-30
9.31682e-31
5.81083e-34
1.07777e-27
1.17521e-29
5.23213e-30
6.27682e-32
1.60614e-30
9.80873e-33
2.98973e-33
4.67662e-36
5.24207e-28
1.20292e-29
6.01338e-30
5.33185e-32
2.99762e-30
2.91839e-32
1.46829e-32
3.87845e-35
1.05172e-30
2.10202e-32
9.94052e-33
1.03148e-35
4.36798e-33
4.87822e-35
2.40093e-35
6.03174e-38
2.54983e-28
2.1264e-29
1.16105e-29
3.41737e-32
6.07417e-30
6.37035e-32
1.07171e-32
5.92385e-35
3.06683e-30
5.52683e-32
2.74354e-32
1.44321e-35
1.38045e-32
1.09849e-34
4.64814e-35
1.94265e-37
1.31605e-30
2.80453e-32
1.04198e-32
2.2304e-35
4.94041e-33
4.21115e-35
1.31563e-35
7.03212e-38
1.99786e-33
2.15214e-35
1.07159e-35
2.20277e-39
5.24089e-36
3.99552e-38
1.85859e-38
7.1913e-41
1.11866e-09
1.63355e-18
8.18529e-19
3.35283e-27
4.0999e-19
3.21324e-27
8.83537e-28
6.99065e-31
2.05242e-19
1.63578e-27
7.79927e-28
3.02369e-30
3.88807e-28
4.38532e-30
2.19873e-30
1.22362e-32
1.02697e-19
2.12524e-24
1.07276e-24
3.20919e-27
5.29631e-25
6.03919e-27
2.93832e-27
6.76677e-30
2.52271e-25
9.38083e-27
4.83716e-27
3.27388e-29
2.42266e-27
4.28859e-29
2.07517e-29
1.09304e-31
5.13449e-20
2.05074e-24
1.04738e-24
5.50921e-28
5.25266e-25
4.39431e-27
9.36516e-28
4.85581e-30
2.60016e-25
2.44632e-27
6.31232e-28
2.54978e-30
1.37015e-28
1.63801e-30
8.05841e-31
1.72827e-33
1.27724e-25
9.93337e-27
5.3901e-27
1.29342e-29
2.80185e-27
2.6086e-29
1.0945e-29
8.92049e-32
1.43033e-27
3.44979e-29
1.73746e-29
6.55759e-32
8.51862e-30
5.18599e-32
2.06312e-32
4.67827e-35
2.56659e-20
5.23906e-24
3.12847e-24
2.07524e-26
1.72394e-24
5.52433e-27
9.15259e-28
3.03723e-30
9.06977e-25
9.19496e-27
3.90425e-27
2.57299e-29
1.44285e-27
1.14614e-29
2.1788e-30
8.16114e-33
4.6493e-25
1.46913e-26
7.5541e-27
1.65958e-29
3.82892e-27
3.35965e-29
1.65141e-29
1.86279e-31
3.20944e-29
6.27964e-31
3.17586e-31
5.25846e-33
1.49733e-31
1.51146e-33
3.55847e-34
1.06195e-37
2.33812e-25
1.68472e-26
9.10886e-27
3.52526e-29
4.74535e-27
1.35398e-28
6.92759e-29
2.86641e-31
2.42052e-27
7.21757e-30
3.37781e-30
3.14981e-32
9.78105e-31
7.35899e-33
7.79155e-34
1.21035e-36
1.13132e-27
3.94117e-29
2.02963e-29
6.30981e-32
9.94107e-30
3.52638e-32
4.85118e-33
2.38897e-35
3.46959e-30
1.09076e-31
5.43886e-32
2.84776e-34
2.29775e-32
2.24205e-34
1.1198e-34
3.39269e-37
1.28346e-20
1.45197e-24
8.0433e-25
2.84578e-27
4.19163e-25
8.7888e-28
5.75676e-29
6.57493e-31
1.81599e-25
4.26486e-27
2.1133e-27
3.38454e-30
9.82223e-28
6.57623e-30
3.27695e-30
7.5966e-34
9.04762e-26
2.48829e-27
1.26458e-27
1.49981e-29
4.71786e-28
5.78115e-30
2.91478e-30
4.64797e-33
1.4638e-28
4.28983e-30
2.06259e-30
9.97605e-34
1.03964e-30
7.69047e-33
3.81482e-33
1.87339e-35
3.14679e-26
1.09492e-27
5.627e-28
2.45642e-30
2.70817e-28
1.73588e-30
8.69694e-31
6.00882e-34
1.30818e-28
3.6415e-30
1.83851e-30
2.19738e-32
9.25594e-31
1.5432e-32
7.56316e-33
1.30057e-35
6.38694e-29
1.91425e-30
9.83054e-31
9.68009e-33
4.87268e-31
2.86468e-33
1.31723e-33
1.58234e-36
1.55064e-31
7.35968e-33
3.86037e-33
1.03502e-35
1.944e-33
7.76177e-36
3.43714e-36
9.4291e-39
1.05668e-26
1.83907e-27
1.1269e-27
2.80061e-31
6.31494e-28
4.09504e-30
1.94031e-30
3.26499e-34
3.35326e-28
4.28452e-30
2.07101e-30
8.75054e-33
1.01653e-30
1.90023e-32
9.24294e-33
1.33978e-35
1.70022e-28
9.78769e-30
5.14596e-30
2.18136e-33
2.56204e-30
1.3819e-32
3.77727e-33
6.26099e-36
1.29823e-30
2.19866e-32
9.44258e-33
1.19809e-35
4.6694e-33
7.25789e-35
3.29277e-36
5.92599e-39
8.21628e-29
5.10089e-30
2.70279e-30
8.07754e-33
1.38276e-30
6.07496e-33
2.83001e-33
5.83621e-36
6.95175e-31
6.57129e-33
3.25386e-33
4.48581e-36
1.01179e-33
3.34403e-36
8.75958e-37
6.84359e-39
3.08013e-31
3.21474e-33
1.32977e-33
1.1361e-35
3.30807e-34
3.7475e-36
1.29384e-36
4.05572e-39
5.46881e-35
1.73763e-36
8.92804e-37
6.04104e-39
4.40452e-37
1.48927e-39
5.47542e-40
1.57194e-42
6.41671e-21
5.93625e-25
3.29811e-25
9.2125e-28
1.72558e-25
1.71632e-27
8.64306e-28
4.77275e-30
8.86003e-26
3.40515e-28
1.55328e-28
4.71944e-31
7.32061e-29
3.13249e-31
1.53065e-31
6.70166e-34
4.47018e-26
1.40077e-27
7.1794e-28
3.90172e-31
3.60634e-28
2.72921e-30
1.08747e-30
1.87563e-33
1.71736e-28
1.6183e-30
7.49695e-31
8.66598e-33
1.24183e-31
7.69994e-34
2.99491e-34
6.3625e-37
2.16328e-26
1.15636e-27
6.09018e-28
1.98126e-30
3.08648e-28
1.60057e-30
7.12893e-31
1.08265e-34
1.54465e-28
2.64181e-30
1.2668e-30
1.19352e-32
6.1029e-31
2.23939e-33
9.4656e-34
5.74093e-36
7.73893e-29
2.61763e-30
1.33692e-30
7.86694e-33
6.79044e-31
6.42186e-33
2.15426e-33
5.02398e-36
1.75473e-31
4.83395e-33
2.40413e-33
5.19917e-36
1.13642e-33
1.2519e-35
6.14757e-36
3.62381e-39
4.57887e-27
4.23837e-28
2.34107e-28
3.09531e-31
1.23385e-28
1.16557e-30
5.70803e-31
1.22333e-33
6.17407e-29
8.38458e-31
4.16827e-31
2.25208e-33
1.35956e-31
1.43608e-33
6.05953e-34
4.47901e-36
2.65662e-29
1.17837e-30
6.14499e-31
8.77333e-34
3.1076e-31
4.2396e-33
2.14334e-33
4.19707e-36
1.49451e-31
2.48082e-33
1.24481e-33
3.50398e-36
5.96815e-34
2.03246e-36
9.22732e-37
5.15313e-39
1.00668e-29
2.74465e-31
1.40383e-31
8.00296e-34
6.84508e-32
4.98885e-34
1.55306e-34
7.26226e-37
3.3605e-32
2.96072e-34
1.48461e-34
5.43526e-37
6.00236e-35
7.59227e-37
3.78761e-37
2.0783e-39
1.66239e-32
6.58423e-34
3.39715e-34
1.71962e-36
1.51789e-34
6.98358e-37
7.65952e-38
1.97556e-40
7.54416e-35
1.20554e-36
5.99703e-37
8.57444e-39
2.98597e-37
3.60699e-39
1.476e-39
7.43137e-42
1.66251e-28
1.21405e-29
6.61711e-30
1.658e-32
3.41176e-30
3.19249e-32
1.21564e-32
6.25875e-35
1.73701e-30
4.11346e-32
2.09387e-32
1.08601e-34
1.0006e-32
8.04595e-35
1.90107e-35
6.20124e-38
8.70261e-31
2.42805e-32
1.23976e-32
4.68534e-35
6.21651e-33
3.13413e-35
1.49425e-35
9.41778e-38
2.857e-33
1.91103e-35
9.47755e-36
3.07653e-39
4.31864e-37
2.06864e-39
1.18164e-40
2.60362e-43
3.58356e-31
2.00316e-32
1.06381e-32
2.21458e-35
5.39796e-33
2.16054e-35
8.70647e-36
1.14393e-38
2.69289e-33
2.98209e-35
1.4727e-35
4.75529e-38
6.18455e-36
6.26558e-38
2.90765e-38
7.82415e-41
1.03615e-33
2.41603e-35
1.23442e-35
1.27315e-37
5.41547e-36
3.23767e-38
3.89737e-39
9.92992e-42
2.66174e-36
6.52114e-38
3.31479e-38
1.37537e-40
1.37979e-38
1.01338e-40
4.40116e-41
1.65091e-43
5.43476e-32
1.29037e-32
8.73145e-33
6.11924e-35
5.25311e-33
6.65563e-35
1.81958e-35
3.54174e-38
2.90507e-33
4.41155e-35
2.14266e-35
4.4216e-38
6.81349e-36
3.76641e-38
7.58065e-39
1.52814e-41
1.52853e-33
1.48573e-34
8.25501e-35
2.46422e-37
4.35786e-35
4.072e-37
2.43237e-38
1.31772e-40
2.21653e-35
5.05074e-37
2.57745e-37
1.96269e-39
1.27823e-37
5.1e-40
1.8267e-40
3.28619e-43
7.35638e-34
5.40705e-35
2.92073e-35
8.51759e-38
1.51703e-35
2.98568e-37
1.50585e-37
3.55589e-40
7.65275e-36
6.66071e-38
3.25291e-38
9.52068e-41
1.54746e-38
3.10079e-41
1.38017e-41
2.18621e-44
3.63989e-36
1.25336e-37
6.44535e-38
2.53755e-40
3.20404e-38
2.02938e-40
7.26226e-41
2.43294e-43
1.60541e-38
1.68851e-40
8.53995e-41
4.68233e-43
3.2269e-41
1.67731e-43
7.1674e-44
6.26221e-46
