0.499862
0.491697
0.490745
0.40389
0.483216
0.381149
0.358399
0.154177
0.475283
0.336249
0.32518
0.113361
0.282225
0.0851558
0.0649244
0.00429935
0.488283
0.362109
0.315038
0.0905618
0.273663
0.064414
0.044593
0.0019048
0.222169
0.040492
0.0268811
0.000707022
0.0169678
0.000306422
0.000163394
3.9431e-08
0.491697
0.380603
0.331585
0.0948235
0.265694
0.0556353
0.0362984
0.00111138
0.197637
0.0292918
0.0184639
0.000308812
0.0111316
0.000122863
6.42362e-05
5.73879e-09
0.142827
0.0150208
0.00928065
8.26473e-05
0.00551816
3.16562e-05
1.6326e-05
3.95884e-10
0.00314369
1.13716e-05
5.86127e-06
5.40455e-11
2.73236e-06
1.38347e-11
6.9205e-12
1.10254e-22
0.491697
0.380005
0.329011
0.0896357
0.258818
0.0497066
0.0309576
0.000699421
0.184648
0.0236049
0.0141771
0.000160856
0.00817222
5.87461e-05
3.02842e-05
1.15939e-09
0.123821
0.0104293
0.0061778
3.3866e-05
0.00354622
1.21593e-05
6.21119e-06
5.33139e-11
0.00196162
4.06826e-06
2.0755e-06
6.32125e-12
1.0501e-06
1.65961e-12
8.29951e-13
1.48594e-24
0.0829309
0.00473103
0.00279366
7.42664e-06
0.00160774
2.64313e-06
1.34334e-06
2.662e-12
0.000891432
8.74762e-07
4.43889e-07
3.03944e-13
2.2391e-07
7.90303e-14
3.95189e-14
1.77487e-26
0.000480224
2.80902e-07
1.42659e-07
3.34124e-14
7.20277e-08
8.74914e-15
4.37497e-15
6.42806e-26
3.62281e-08
2.25806e-15
1.12912e-15
6.52285e-26
5.6458e-16
6.27928e-26
2.32487e-26
8.12626e-29
0.491697
0.379719
0.327744
0.0870321
0.255354
0.0467026
0.0282374
0.000510423
0.17799
0.0207468
0.0120189
0.000100358
0.00668477
3.37801e-05
1.72401e-05
3.28858e-10
0.113961
0.00820763
0.00466995
1.70927e-05
0.00258607
5.72982e-06
2.90672e-06
1.05114e-11
0.00139102
1.7954e-06
9.09308e-07
1.09653e-12
4.57942e-07
2.82705e-13
1.41362e-13
7.70883e-26
0.0706507
0.00319681
0.00182287
2.92334e-06
0.00101921
9.90149e-07
5.00733e-07
3.43716e-13
0.00055289
2.79165e-07
1.57545e-07
3.54467e-14
7.92136e-08
9.09384e-15
4.54709e-15
7.80292e-28
0.000292108
9.42628e-08
4.75961e-08
3.4459e-15
2.39361e-08
8.87311e-16
4.43671e-16
5.54382e-27
1.20079e-08
2.26028e-16
1.13017e-16
9.61455e-27
5.65091e-17
5.00579e-26
2.26316e-26
3.59285e-29
0.0450309
0.00134188
0.000771989
5.65138e-07
0.000436658
1.92915e-07
9.74069e-08
1.38071e-14
0.000233351
5.50767e-08
3.07186e-08
1.41267e-15
1.54346e-08
3.61572e-16
1.8079e-16
1.33543e-25
0.00012701
1.83676e-08
9.25467e-09
1.35176e-16
4.6492e-09
3.4684e-17
1.73423e-17
5.83576e-27
2.3312e-09
8.81688e-18
4.40851e-18
4.44851e-28
2.20427e-18
1.06289e-25
5.03559e-26
5.49555e-28
6.64183e-05
5.55188e-09
2.80019e-09
1.31977e-17
1.40804e-09
3.20984e-18
1.70517e-18
2.51455e-26
7.06546e-10
8.71608e-19
4.08206e-19
1.95969e-26
2.17909e-19
7.21818e-27
3.22046e-27
1.96113e-30
3.54035e-10
2.21437e-19
1.1072e-19
3.08757e-25
5.53603e-20
8.9898e-26
1.06237e-27
5.01799e-30
2.76803e-20
2.15879e-25
1.0916e-25
2.28076e-28
2.72419e-26
7.19943e-28
3.6724e-28
7.63662e-31
0.491697
0.379579
0.327115
0.0857294
0.253617
0.0451919
0.0268658
0.000420367
0.174622
0.0193149
0.0109366
7.35379e-05
0.00593945
2.30756e-05
1.16945e-05
1.27759e-10
0.108944
0.00711691
0.00392763
1.05196e-05
0.00211276
3.29348e-06
1.66251e-06
2.98788e-12
0.00111097
9.73485e-07
4.90615e-07
2.78586e-13
2.4636e-07
7.09655e-14
3.54837e-14
4.25973e-26
0.0643792
0.00247655
0.00136343
1.44494e-06
0.0007389
4.61919e-07
2.3271e-07
6.67433e-14
0.000391736
1.38628e-07
6.97487e-08
6.2653e-15
3.49933e-08
1.59205e-15
7.96036e-16
4.81656e-28
0.000203443
3.97555e-08
1.99929e-08
5.4698e-16
1.00289e-08
1.39162e-16
6.95819e-17
8.29516e-28
5.02334e-09
3.5153e-17
1.75766e-17
1.86849e-27
8.78835e-18
1.96544e-25
6.5594e-26
2.92617e-28
0.0379676
0.000892417
0.000498031
2.17428e-07
0.000274632
7.13081e-08
3.58986e-08
1.74953e-15
0.000147603
2.17447e-08
9.76706e-09
1.54466e-16
5.4846e-09
4.23028e-17
2.11516e-17
6.59104e-26
7.73491e-05
6.29816e-09
3.16447e-09
1.45974e-17
1.58668e-09
3.71008e-18
1.85506e-18
1.78688e-26
7.94606e-10
9.36772e-19
4.68389e-19
5.88636e-28
2.34195e-19
8.53509e-26
3.64849e-26
9.37456e-29
3.98871e-05
1.801e-09
9.05175e-10
1.27269e-18
4.54012e-10
3.24737e-19
1.62369e-19
1.43636e-26
2.11655e-10
7.87931e-20
3.81619e-20
6.90415e-27
2.05617e-20
4.22001e-26
1.35603e-26
4.25958e-29
1.13837e-10
2.0758e-20
1.03794e-20
4.50739e-27
5.18974e-21
5.79855e-27
1.55971e-27
1.26549e-30
2.59365e-21
1.10539e-24
5.50981e-25
1.58546e-27
2.68024e-25
2.68307e-27
1.32756e-27
7.07284e-30
0.0235158
0.00035842
0.000203317
3.91456e-08
0.000113978
1.30663e-08
6.57746e-09
6.22553e-17
6.19914e-05
4.02201e-09
1.82455e-09
5.58534e-18
1.01442e-09
1.51484e-18
7.57424e-19
2.23727e-28
3.27263e-05
1.04838e-09
5.26915e-10
4.87558e-19
2.64274e-10
1.23975e-19
6.1988e-20
4.90281e-26
1.47405e-10
3.34243e-20
1.6712e-20
1.03134e-26
8.35579e-21
1.75242e-26
8.69967e-27
8.13971e-29
1.70131e-05
3.34494e-10
1.67974e-10
4.50787e-20
7.5482e-11
1.07667e-20
5.38341e-21
6.37009e-28
4.2071e-11
2.90067e-21
1.45031e-21
2.0574e-27
7.25122e-22
2.29229e-25
1.16344e-25
4.21216e-28
2.1058e-11
7.32973e-22
3.66527e-22
2.96669e-26
1.83237e-22
1.87723e-26
8.10235e-27
4.62387e-29
9.16087e-23
5.43882e-26
2.34518e-26
1.39771e-28
1.05378e-26
2.08817e-29
8.72563e-30
3.88291e-32
8.73548e-06
9.77185e-11
4.91166e-11
4.11611e-21
2.46494e-11
1.05792e-21
5.28941e-22
3.28564e-26
1.23554e-11
2.69195e-22
1.34597e-22
6.51092e-27
6.72967e-23
9.9536e-27
4.7028e-27
2.03885e-29
6.18715e-12
6.87217e-23
3.43749e-23
1.09139e-28
1.71807e-23
2.0491e-25
1.00667e-26
2.88073e-29
8.56898e-24
3.5624e-26
7.95745e-27
2.10287e-29
1.67697e-27
7.63738e-30
7.5225e-31
2.72116e-33
3.0964e-12
1.08157e-22
5.33761e-23
4.16414e-28
2.63326e-23
3.94484e-28
9.15843e-29
5.78902e-31
1.08986e-23
1.94049e-25
9.55916e-26
7.66453e-29
4.67411e-26
3.88307e-28
1.29621e-28
6.08229e-32
5.38124e-24
1.85744e-25
9.52096e-26
2.91521e-28
4.83694e-26
8.83388e-28
4.06571e-28
5.33301e-30
2.13383e-26
4.7233e-28
2.38015e-28
9.27803e-31
1.1642e-28
1.67688e-30
8.44544e-31
3.30461e-33
0.491697
0.37951
0.326803
0.085078
0.252748
0.0444346
0.0261772
0.000376473
0.172929
0.0185984
0.0103948
6.09906e-05
0.00556644
1.81675e-05
9.16431e-06
6.53144e-11
0.106414
0.00657676
0.00355945
7.67328e-06
0.00187782
2.26262e-06
1.1382e-06
1.17809e-12
0.000972267
6.36983e-07
3.20011e-07
9.98451e-14
1.60406e-07
2.52421e-14
1.26212e-14
2.03674e-27
0.0612107
0.00212847
0.00114031
8.80452e-07
0.000602271
2.64863e-07
1.33069e-07
1.8932e-14
0.000313112
7.58545e-08
3.80719e-08
1.63207e-15
1.90743e-08
4.12061e-16
2.06032e-16
9.15423e-27
0.000160464
2.08586e-08
1.04628e-08
1.30334e-16
5.24043e-09
3.29027e-17
1.64514e-17
5.70041e-28
2.62261e-09
8.27059e-18
4.1353e-18
7.79847e-27
2.06765e-18
1.3863e-26
5.74239e-27
1.12991e-29
0.0343956
0.000685034
0.00037022
1.06181e-07
0.000198347
2.8913e-08
1.66129e-08
3.37611e-16
0.000104408
9.70366e-09
4.86903e-09
2.99296e-17
2.4392e-09
7.55899e-18
3.77951e-18
1.44128e-26
5.3951e-05
2.711e-09
1.35939e-09
2.43078e-18
6.80764e-10
6.13643e-19
3.06822e-19
6.76363e-26
3.40671e-10
1.54273e-19
7.71367e-20
2.11198e-26
3.85684e-20
4.12216e-26
1.96659e-26
4.43684e-29
2.75268e-05
7.41444e-10
3.71771e-10
1.92589e-19
1.86185e-10
4.47897e-20
2.43526e-20
3.15636e-27
9.31766e-11
1.22593e-20
6.12964e-21
1.35143e-27
3.06482e-21
5.76673e-25
2.05281e-25
1.93782e-28
4.66112e-11
3.0776e-21
1.5388e-21
3.22524e-28
7.69398e-22
8.11303e-26
2.63277e-26
7.39959e-30
3.84656e-22
9.1469e-26
4.47947e-26
1.9779e-28
2.19068e-26
3.11321e-29
1.42162e-29
1.179e-31
0.0197152
0.000236315
0.000130371
1.48768e-08
6.96552e-05
4.29446e-09
2.40954e-09
7.87329e-18
3.81834e-05
1.43732e-09
7.21425e-10
7.11916e-19
3.61486e-10
1.79969e-19
8.99844e-20
5.81365e-26
1.99322e-05
4.06628e-10
2.03932e-10
5.85914e-20
9.07273e-11
1.37097e-20
6.85488e-21
1.21054e-27
5.11194e-11
3.72516e-21
1.86259e-21
7.916e-29
9.31281e-22
1.20191e-25
6.02847e-26
1.60409e-28
1.02329e-05
1.12072e-10
5.61819e-11
4.66093e-21
2.49938e-11
1.09558e-21
5.47791e-22
1.98135e-26
1.40805e-11
2.9687e-22
1.48435e-22
3.11659e-27
7.42144e-23
4.58916e-27
1.88475e-27
1.57129e-29
7.04394e-12
1.23862e-22
6.26865e-23
5.12739e-28
3.14036e-23
2.76628e-25
6.81493e-26
1.75491e-28
1.34687e-23
1.15582e-25
5.37827e-26
6.02341e-28
1.9279e-26
3.92962e-29
1.00238e-29
3.47603e-32
5.21244e-06
3.11499e-11
1.56208e-11
3.83603e-22
7.82529e-12
9.74335e-23
4.87155e-23
3.32581e-27
3.91736e-12
2.83051e-23
1.23157e-23
4.13393e-26
6.15176e-24
1.52369e-26
3.03077e-28
3.65073e-31
1.96007e-12
1.23806e-23
6.18053e-24
3.25701e-26
3.02089e-24
1.50988e-26
5.95116e-28
1.72396e-30
1.458e-24
3.96184e-26
2.01179e-26
1.54075e-28
1.01533e-26
4.83724e-29
2.27799e-29
4.88395e-32
9.80431e-13
7.8511e-24
4.01053e-24
6.54821e-27
1.9574e-24
1.02774e-27
3.04995e-28
4.1513e-31
9.56862e-25
5.77491e-27
2.70746e-27
4.09951e-30
1.1557e-27
7.69453e-30
3.80422e-30
1.02436e-32
3.86078e-25
2.20128e-27
1.03487e-27
5.16829e-30
4.57553e-28
8.06224e-31
2.95046e-31
1.6745e-33
1.09874e-28
1.35341e-30
6.60085e-31
1.94304e-33
3.15588e-31
1.6855e-33
6.75462e-34
1.7042e-37
0.0120235
9.26958e-05
5.21982e-05
2.57872e-09
2.91292e-05
8.50788e-10
4.27659e-10
2.63221e-19
1.5792e-05
2.58397e-10
1.29758e-10
2.53289e-20
6.50383e-11
6.16117e-21
3.081e-21
1.05765e-27
8.31086e-06
7.35792e-11
3.69129e-11
1.99933e-21
1.84921e-11
5.1351e-22
2.52742e-22
5.70581e-27
9.34463e-12
1.5233e-22
7.60034e-23
2.61635e-27
3.79837e-23
3.70055e-25
3.04527e-26
8.81503e-29
4.28734e-06
2.03024e-11
1.01788e-11
1.62008e-22
5.09808e-12
4.17394e-23
2.08719e-23
6.25121e-28
2.55171e-12
1.21856e-23
6.03491e-24
1.96771e-26
2.88728e-24
3.26503e-26
1.34182e-26
5.62755e-29
1.27663e-12
6.63131e-24
3.37334e-24
1.23665e-26
1.66327e-24
6.8268e-27
2.33612e-27
1.02529e-29
8.17233e-25
9.07885e-27
3.33862e-27
8.62367e-30
1.40562e-27
5.84405e-30
2.07039e-30
3.79975e-33
2.19127e-06
5.6229e-12
2.81898e-12
1.46585e-23
1.41219e-12
5.52691e-24
2.78121e-24
3.94006e-26
7.07012e-13
3.51473e-24
1.82347e-24
8.09741e-27
9.23822e-25
1.13562e-26
1.06727e-27
2.71499e-30
3.53788e-13
6.57918e-25
3.30702e-25
3.75523e-27
1.56126e-25
4.4099e-28
4.65337e-29
2.81361e-31
5.08054e-26
1.13717e-27
5.76582e-28
4.53621e-30
2.87599e-28
1.69554e-30
8.21154e-31
2.90747e-33
1.76976e-13
9.37311e-25
4.91808e-25
1.14025e-27
2.51278e-25
1.62346e-27
2.12034e-28
1.95464e-30
1.2681e-25
2.04349e-27
9.9634e-28
3.2337e-30
3.47054e-28
3.49809e-30
1.62865e-30
2.02271e-33
6.20616e-26
2.47102e-27
1.28793e-27
2.27485e-30
6.54969e-28
9.06388e-30
4.49404e-30
3.45683e-32
2.60264e-28
2.96362e-30
1.44515e-30
3.86486e-33
2.33488e-31
1.60136e-33
3.24896e-35
8.05983e-38
1.12016e-06
1.62123e-12
8.13452e-13
1.89568e-24
4.07841e-13
4.55769e-25
2.21009e-25
6.01637e-29
2.04319e-13
4.94901e-25
2.5036e-25
1.96322e-29
1.04183e-25
1.24963e-27
6.02356e-28
2.19889e-30
1.02285e-13
3.01088e-25
1.5518e-25
4.32405e-28
7.79897e-26
3.73444e-28
1.20859e-28
7.35375e-31
3.66873e-26
4.09715e-28
1.79329e-28
7.41454e-31
7.42302e-29
7.57539e-31
3.78052e-31
1.67411e-33
5.11797e-14
8.67814e-23
4.45484e-23
9.55597e-32
2.22566e-23
3.43943e-25
1.65378e-25
1.60732e-28
9.83904e-24
2.05188e-25
1.04135e-25
2.167e-28
2.61561e-26
3.03414e-28
7.73853e-29
3.2644e-31
3.72487e-24
1.43586e-25
7.44202e-26
2.25277e-28
3.77844e-26
2.18277e-28
9.01724e-29
2.63497e-31
1.83444e-26
2.5603e-28
1.22587e-28
6.39608e-31
6.05228e-29
3.01534e-31
1.28193e-31
1.64361e-34
2.56013e-14
2.21391e-25
1.26218e-25
3.73954e-28
6.76544e-26
6.52058e-28
6.17082e-29
4.08725e-31
3.49692e-26
3.78946e-28
1.82216e-28
9.62483e-32
6.2758e-29
9.63297e-31
4.86113e-31
1.19292e-33
1.7675e-26
2.86774e-28
1.43283e-28
1.24776e-30
4.61527e-29
3.92456e-31
1.63196e-31
1.06466e-33
1.62544e-29
2.64025e-31
1.33298e-31
6.65673e-35
3.34466e-32
2.11706e-34
9.26958e-35
4.72819e-37
8.3487e-27
3.76873e-28
1.97175e-28
1.42562e-30
8.97771e-29
2.96408e-31
1.32171e-31
4.52226e-34
4.46893e-29
8.42599e-31
4.16122e-31
5.82887e-33
1.57959e-31
7.55917e-34
1.13465e-34
1.33265e-36
1.8466e-29
8.45301e-31
4.41571e-31
1.50507e-33
2.25144e-31
1.9453e-33
1.56553e-34
1.17058e-36
1.13232e-31
4.25026e-33
2.1874e-33
1.19181e-35
1.05919e-33
6.60679e-36
9.26789e-38
7.11147e-40
0.491697
0.379476
0.326647
0.0847523
0.252313
0.0440554
0.0258323
0.000354813
0.17208
0.01824
0.0101237
5.49333e-05
0.00537985
1.58244e-05
7.95969e-06
4.19026e-11
0.105144
0.00630801
0.00337612
6.35835e-06
0.00176079
1.79305e-06
8.99943e-07
6.14118e-13
0.00090325
4.868e-07
2.44087e-07
4.81e-14
1.22221e-07
1.21045e-14
6.05229e-15
1.80246e-26
0.0596184
0.00195749
0.00103042
6.39484e-07
0.000534842
1.82135e-07
9.13345e-08
7.49634e-15
0.000274309
5.00512e-08
2.50817e-08
5.99018e-16
1.25554e-08
1.50622e-16
7.53109e-17
1.23055e-28
0.000139313
1.33276e-08
6.67519e-09
4.45789e-17
3.34059e-09
1.12025e-17
5.60124e-18
1.845e-27
1.67107e-09
2.80837e-18
1.40419e-18
7.77534e-28
7.02094e-19
2.12658e-25
1.055e-25
8.53106e-29
0.0325994
0.000585741
0.000308625
6.43157e-08
0.000159629
1.89362e-08
9.49314e-09
9.57185e-17
8.3436e-05
4.51906e-09
2.67295e-09
7.92028e-18
1.33794e-09
1.9923e-18
9.96151e-19
8.59839e-28
4.26106e-05
1.44426e-09
7.23268e-10
6.03213e-19
3.61936e-10
1.51625e-19
7.58127e-20
1.9981e-26
1.81047e-10
3.8018e-20
1.9009e-20
1.52813e-27
9.50448e-21
6.73663e-27
1.29419e-27
5.4377e-30
2.16688e-05
3.82322e-10
1.91432e-10
4.43313e-20
9.57895e-11
1.11467e-20
5.57333e-21
8.82192e-28
4.79144e-11
2.79612e-21
1.39794e-21
1.72372e-25
6.98953e-22
3.86878e-26
1.80592e-26
5.95621e-29
2.39624e-11
7.51469e-22
3.76902e-22
6.90659e-27
1.88726e-22
1.98096e-27
9.02995e-28
5.87374e-30
9.37084e-23
9.36847e-25
4.48256e-25
2.53689e-27
2.01667e-25
5.08292e-28
1.3733e-28
1.01718e-31
0.0178036
0.0001805
9.65925e-05
7.21778e-09
5.14522e-05
2.21849e-09
1.11246e-09
1.50706e-18
2.6983e-05
6.43043e-10
3.22274e-10
1.29576e-19
1.61342e-10
3.26367e-20
1.63061e-20
1.68366e-28
1.29356e-05
1.54351e-10
7.73327e-11
9.1992e-21
4.44109e-11
2.5573e-21
1.27532e-21
2.1332e-26
2.22169e-11
6.49137e-22
3.24481e-22
1.22078e-26
1.61533e-22
1.23682e-26
3.35487e-27
3.96493e-30
7.08092e-06
4.74491e-11
2.07109e-11
6.84254e-22
1.18886e-11
1.91528e-22
9.57429e-23
5.80248e-27
5.94693e-12
5.18473e-23
2.59835e-23
2.38668e-28
1.2484e-23
1.17771e-25
5.32787e-26
1.00024e-28
2.97418e-12
1.51904e-23
7.65844e-24
1.95556e-28
3.83395e-24
7.51495e-26
3.78658e-26
9.6e-29
1.90423e-24
5.04411e-26
2.5635e-26
3.93287e-28
1.27229e-26
4.70078e-29
2.32891e-29
2.33069e-31
3.5806e-06
1.26644e-11
6.34161e-12
5.73388e-23
3.17362e-12
1.50249e-23
7.50602e-24
3.4458e-26
1.58764e-12
5.07694e-24
2.5653e-24
2.78499e-27
1.25564e-24
4.08867e-27
1.89706e-27
5.42184e-30
7.94053e-13
1.40792e-24
7.08061e-25
2.42534e-28
3.48795e-25
2.56722e-27
1.0253e-27
7.68901e-31
1.65076e-25
2.44944e-27
1.23129e-27
4.89053e-30
5.56259e-28
1.38585e-30
2.04342e-31
1.06654e-33
3.9709e-13
6.82886e-25
3.51538e-25
4.24264e-27
1.77395e-25
2.79444e-27
1.40974e-27
5.66987e-30
8.73645e-26
6.78083e-28
3.41189e-28
1.8615e-30
1.22746e-28
5.2956e-31
2.11156e-31
2.08294e-33
1.77235e-26
9.90267e-28
5.23883e-28
4.2675e-30
2.68568e-28
2.47697e-30
1.11742e-30
3.51336e-33
1.23566e-28
2.83639e-30
1.43804e-30
9.02186e-33
6.85265e-31
8.41426e-33
4.21833e-33
8.73937e-36
0.0100504
6.08412e-05
3.33655e-05
9.73771e-10
1.81763e-05
3.10739e-10
1.39783e-10
3.05237e-20
9.71371e-06
9.24201e-11
4.63485e-11
2.93236e-21
2.32128e-11
7.41454e-22
3.70768e-22
1.16967e-26
5.06117e-06
2.58226e-11
1.29404e-11
2.32277e-22
6.47824e-12
5.92585e-23
2.96288e-23
2.20432e-28
3.24131e-12
1.56923e-23
7.84022e-24
6.81766e-27
3.90742e-24
7.75947e-26
3.95112e-26
1.08732e-28
2.59272e-06
6.97162e-12
3.49172e-12
1.75179e-23
1.74758e-12
4.58721e-24
2.27327e-24
5.00844e-27
8.74287e-13
1.35057e-24
6.75306e-25
5.76754e-27
3.07691e-25
1.59037e-27
5.20219e-28
8.38958e-31
4.37281e-13
5.2815e-25
2.69265e-25
9.97478e-28
1.35187e-25
4.7082e-28
3.63116e-29
2.72245e-32
4.73157e-26
1.08689e-27
4.84432e-28
7.98665e-31
2.38254e-28
2.22382e-30
1.09813e-30
5.10183e-33
1.31613e-06
1.86971e-12
9.36244e-13
1.35947e-24
4.68575e-13
4.17194e-25
1.95173e-25
7.95898e-28
2.36208e-13
1.03387e-25
4.83822e-26
2.69749e-28
2.12634e-26
5.47964e-29
2.65676e-29
5.87854e-32
1.17258e-13
4.96837e-26
2.49107e-26
2.24743e-29
1.03928e-26
1.02937e-28
4.69724e-29
1.36908e-31
4.96225e-27
4.86161e-29
1.8639e-29
6.23553e-32
6.61229e-30
1.24027e-31
6.31317e-32
3.69645e-34
5.86407e-14
2.64533e-23
1.35075e-23
3.32121e-32
6.67927e-24
1.26994e-25
6.22433e-26
3.1862e-28
2.67297e-24
4.7897e-26
2.43324e-26
1.22286e-29
1.17787e-26
1.62148e-28
8.16984e-29
1.0559e-30
1.03328e-24
2.06779e-26
1.04187e-26
4.20338e-29
5.24944e-27
4.64942e-29
2.00253e-29
6.28646e-32
2.23532e-27
4.47521e-29
2.27824e-29
1.15281e-31
1.08489e-29
1.37715e-31
6.94452e-32
3.85713e-34
6.66243e-07
5.12221e-13
2.56575e-13
1.08134e-25
1.28455e-13
3.26921e-26
1.60043e-26
9.95914e-29
6.42843e-14
3.3809e-26
1.7077e-26
3.98347e-29
8.65599e-27
3.15264e-29
1.1605e-29
4.16416e-32
3.21596e-14
4.19682e-24
2.11599e-24
6.16851e-27
1.05464e-24
1.63691e-26
8.23287e-27
3.8243e-30
1.12989e-25
1.71032e-27
8.3481e-28
4.47419e-30
3.5358e-29
3.91232e-31
1.82844e-31
3.29695e-34
1.60847e-14
6.5135e-24
3.34769e-24
1.25809e-26
1.68466e-24
1.60824e-26
7.02363e-27
2.27338e-29
6.20212e-25
9.03087e-27
4.45163e-27
1.84854e-29
1.32291e-27
1.78208e-29
7.46914e-30
3.56569e-32
3.1061e-25
1.25187e-26
6.49481e-27
1.56847e-29
3.32712e-27
1.89872e-29
9.23104e-30
4.30314e-33
9.37125e-28
1.81324e-29
9.08858e-30
9.0473e-33
4.4445e-30
1.48753e-32
2.766e-33
1.10044e-35
8.04379e-15
1.87218e-23
1.18585e-23
5.18988e-26
6.79868e-24
2.18312e-26
6.56375e-27
4.96072e-29
3.6539e-24
7.25907e-26
3.50408e-26
5.76603e-29
1.69219e-26
1.17061e-28
3.59275e-29
1.21099e-31
1.89128e-24
6.89354e-26
3.53807e-26
2.01763e-28
1.77776e-26
1.60633e-28
4.26359e-29
1.00296e-31
8.79584e-27
1.33447e-28
5.55193e-29
2.10973e-31
3.90359e-30
3.38281e-32
8.17618e-33
1.27326e-34
9.21758e-25
9.74125e-26
5.46658e-26
6.33608e-29
2.88752e-26
1.9841e-28
8.19397e-29
7.24584e-32
1.48626e-26
2.37323e-28
7.90159e-29
5.43508e-32
3.67458e-29
2.12899e-31
1.0081e-31
2.1943e-34
7.17363e-27
1.77382e-28
9.066e-29
5.29019e-32
3.01054e-29
5.02722e-31
2.3152e-31
5.88955e-34
1.35751e-29
3.22782e-31
1.64463e-31
3.18724e-34
7.54525e-32
7.98769e-34
4.00803e-34
2.70087e-36
0.00608024
2.35753e-05
1.32259e-05
1.65515e-10
7.36379e-06
5.42855e-11
2.72679e-11
1.06208e-21
3.98578e-06
1.63745e-11
8.21772e-12
9.85165e-23
4.11743e-12
2.46354e-23
1.22745e-23
8.22597e-27
2.09435e-06
4.61385e-12
2.31327e-12
7.79271e-24
1.15841e-12
1.98546e-24
9.92823e-25
3.03004e-27
5.79692e-13
5.79632e-25
2.90319e-25
9.57615e-28
1.45247e-25
1.48308e-27
7.21275e-28
2.33105e-30
1.07805e-06
1.24979e-12
6.26145e-13
5.91423e-25
3.13444e-13
1.60027e-25
7.9093e-26
3.69024e-28
1.56831e-13
2.1294e-23
8.80865e-24
1.53433e-26
3.8717e-24
3.24581e-26
1.56741e-26
1.51688e-28
7.84461e-14
2.2671e-26
1.14257e-26
8.64041e-29
5.65935e-27
6.50715e-29
5.89609e-30
1.46106e-32
2.20977e-27
8.4965e-29
4.31962e-29
1.014e-31
2.05499e-29
9.55212e-32
4.67967e-32
7.782e-35
5.48859e-07
3.34867e-13
1.67713e-13
4.53515e-26
8.39521e-14
2.14254e-26
1.0605e-26
2.95786e-29
4.20075e-14
2.19962e-24
1.08754e-24
1.56698e-27
3.31595e-25
3.77929e-27
1.28799e-27
5.26745e-30
2.11275e-14
1.10119e-23
5.99033e-24
4.02065e-26
3.05614e-24
3.39417e-26
1.0504e-26
7.44927e-29
1.56041e-24
2.48666e-26
1.18581e-26
4.30421e-29
5.6838e-27
4.20364e-29
2.02051e-29
1.46435e-31
1.05093e-14
3.14278e-24
1.64273e-24
4.57147e-27
8.35856e-25
6.48636e-27
3.0804e-27
1.91693e-29
2.92092e-25
3.64493e-27
1.77693e-27
7.85952e-30
4.58342e-28
2.67544e-30
3.78114e-31
5.67933e-34
1.38144e-25
4.74774e-27
2.44274e-27
7.63479e-30
1.17225e-27
2.19361e-29
1.0896e-29
7.59232e-33
5.85373e-28
1.4253e-29
7.09665e-30
3.83595e-33
3.57204e-30
3.3091e-32
1.3805e-32
1.22416e-35
2.72631e-07
8.96556e-14
4.49111e-14
5.64495e-27
2.24889e-14
2.59483e-24
1.30194e-24
9.70341e-27
1.12565e-14
1.88385e-24
9.59353e-25
3.90617e-27
4.75095e-25
3.40755e-27
1.66465e-27
1.26825e-29
5.63208e-15
3.14529e-25
1.40432e-25
2.83916e-28
6.41932e-26
5.91946e-28
2.00375e-28
4.39753e-31
8.98699e-27
2.00865e-28
1.01515e-28
6.00403e-31
3.48868e-29
3.75168e-31
1.84515e-31
1.2582e-34
2.81715e-15
2.58098e-24
1.52989e-24
2.44326e-27
8.39693e-25
5.28895e-27
2.23969e-27
5.8786e-30
4.38299e-25
6.72495e-27
3.13362e-27
1.10604e-29
1.38232e-27
5.10783e-30
2.22294e-30
4.96654e-33
2.2305e-25
7.10129e-27
3.6495e-27
1.24128e-29
1.84646e-27
6.04645e-29
3.12083e-29
2.92316e-32
9.20795e-28
2.60515e-29
1.32987e-29
2.99715e-32
6.67687e-30
4.88253e-32
1.43836e-32
1.17597e-34
1.28477e-15
9.54153e-25
5.31797e-25
1.4639e-27
2.81062e-25
1.86498e-27
9.15853e-28
4.91377e-30
1.43265e-25
1.87023e-27
7.13438e-28
4.28715e-31
1.88443e-28
1.36661e-30
6.45899e-31
1.36675e-33
6.28011e-26
1.42121e-27
7.16299e-28
1.90371e-30
3.55304e-28
5.92241e-30
2.03375e-30
1.73806e-32
1.2261e-28
3.73251e-30
1.90606e-30
1.45404e-33
8.89405e-31
8.71278e-33
8.59563e-34
2.03468e-36
2.24349e-26
1.06131e-27
5.55972e-28
7.58667e-30
2.74111e-28
1.6597e-30
8.26663e-31
1.74651e-33
1.38477e-28
1.28762e-30
4.70825e-31
3.69901e-33
2.21695e-31
1.15643e-33
2.78333e-35
9.0842e-38
3.28e-29
1.7606e-30
9.27941e-31
4.65189e-33
4.54553e-31
4.82781e-33
2.42259e-33
6.61604e-36
1.98378e-32
9.04725e-34
4.73514e-34
2.45701e-37
2.26138e-34
4.73001e-36
2.38588e-36
2.60823e-39
1.4182e-07
2.6106e-14
1.30869e-14
6.29138e-28
6.55822e-15
8.75458e-26
3.34674e-26
2.02303e-28
3.28465e-15
6.87264e-26
3.02085e-26
2.39963e-28
8.9459e-27
8.24826e-29
3.93132e-29
1.08956e-31
1.64411e-15
2.13555e-25
1.04504e-25
3.63737e-28
3.2391e-26
1.2275e-28
5.44512e-29
3.59267e-31
1.06994e-26
1.65004e-28
7.88714e-29
1.07256e-31
3.84673e-29
3.45783e-31
1.28834e-31
2.45449e-34
8.22576e-16
1.99853e-25
1.03796e-25
1.13323e-28
5.18873e-26
5.18771e-28
2.31973e-28
1.73838e-32
2.49317e-26
9.34015e-28
4.84478e-28
1.09986e-30
2.42969e-28
2.59749e-30
1.30798e-30
4.32556e-33
4.23901e-27
9.68737e-29
4.94725e-29
5.11778e-31
2.4901e-29
9.42895e-32
4.61958e-32
6.49989e-34
1.23724e-29
1.63306e-31
7.93272e-32
2.14608e-34
3.59796e-32
1.09271e-34
1.38258e-35
1.6194e-38
4.1144e-16
3.14642e-25
1.74822e-25
2.62328e-28
9.19493e-26
1.13378e-28
1.78134e-29
8.68604e-33
4.69097e-26
6.62622e-28
3.28201e-28
2.79556e-30
1.39463e-28
3.19601e-31
1.51799e-31
1.67198e-33
2.07687e-26
1.1643e-27
6.16644e-28
2.71273e-30
3.14897e-28
7.4505e-31
3.62933e-31
1.88762e-33
1.58679e-28
2.56712e-30
1.21293e-30
4.53068e-33
5.58265e-31
4.19447e-33
1.88872e-33
1.31757e-36
9.47261e-27
3.43305e-28
1.77518e-28
1.88198e-31
8.91136e-29
6.82847e-31
3.20779e-31
5.24079e-34
4.32772e-29
9.41807e-31
4.73394e-31
1.99319e-33
2.33334e-31
1.90222e-33
4.41652e-34
5.34163e-37
6.67275e-30
1.60156e-31
8.00799e-32
1.76228e-34
3.45469e-32
1.00811e-34
3.59829e-35
8.91234e-38
1.69453e-32
6.97398e-34
3.62782e-34
9.76349e-37
1.84653e-34
1.74289e-36
6.16055e-37
3.64923e-39
2.05772e-16
1.94495e-22
1.22352e-22
3.19581e-37
6.97941e-23
4.92191e-37
1.74918e-37
1.02515e-39
3.74525e-23
8.08165e-25
4.10033e-25
8.31918e-28
1.84204e-25
1.79943e-27
8.78664e-28
2.64348e-30
1.93409e-23
7.15322e-25
3.67867e-25
3.47678e-27
1.85614e-25
2.39866e-27
6.6191e-28
4.09286e-31
9.08365e-26
9.37489e-28
3.0073e-28
2.0323e-31
2.22584e-29
1.50606e-31
7.15541e-32
5.3028e-34
9.36599e-24
4.7857e-25
2.51351e-25
2.91688e-27
1.27961e-25
4.28257e-28
1.84522e-28
1.28777e-30
6.05312e-26
7.37991e-28
3.51469e-28
8.51387e-31
1.13969e-28
1.14775e-30
5.77771e-31
5.65955e-34
2.77556e-26
5.88061e-28
2.96315e-28
2.02391e-30
1.38155e-28
7.41932e-31
3.60885e-31
6.09758e-34
3.55433e-29
6.83457e-31
2.97238e-31
1.52515e-33
1.40667e-31
6.52193e-34
3.25931e-34
9.64368e-37
4.57554e-24
7.64393e-25
4.65436e-25
5.37714e-28
2.59875e-25
1.09876e-27
4.26737e-28
6.39185e-31
1.37396e-25
2.34592e-27
1.18631e-27
2.77113e-30
3.41474e-28
4.72821e-30
2.34135e-30
4.95666e-33
7.02371e-26
3.4791e-27
1.82019e-27
5.4313e-31
9.21189e-28
1.03331e-29
3.15169e-30
1.01808e-32
4.51806e-28
8.31254e-30
4.1511e-30
3.37106e-33
1.76332e-30
9.36726e-33
4.43415e-33
2.02525e-36
3.53431e-26
1.98431e-27
1.04088e-27
8.92033e-30
5.11717e-28
2.76717e-30
6.52168e-31
1.0063e-33
2.11967e-28
2.39474e-30
1.07677e-30
5.1093e-33
5.37539e-31
5.31047e-33
1.85053e-33
4.74697e-37
4.65514e-29
3.72783e-30
2.03094e-30
1.09111e-33
1.06213e-30
4.24862e-33
1.45802e-33
5.58234e-36
5.3943e-31
1.65335e-32
8.51867e-33
9.38272e-35
4.06393e-33
4.65391e-35
3.84954e-36
3.35856e-38
0.491697
0.379459
0.326569
0.0845895
0.252095
0.0438657
0.0256597
0.000344054
0.171655
0.0180608
0.00998813
5.19587e-05
0.00528654
1.46806e-05
7.37246e-06
3.19484e-11
0.104508
0.00617397
0.00328464
5.72772e-06
0.00170239
1.56961e-06
7.86717e-07
4.01455e-13
0.000868825
4.16156e-07
2.08431e-07
2.95573e-14
1.04306e-07
7.41794e-15
3.70898e-15
1.89483e-27
0.0588201
0.00187277
0.000975894
5.29016e-07
0.00050135
1.44598e-07
7.2425e-08
3.93463e-15
0.000255034
3.84955e-08
1.92725e-08
2.9433e-16
9.64261e-09
7.38255e-17
3.69128e-17
3.57255e-27
0.000128823
1.00198e-08
5.0144e-09
2.07538e-17
2.50836e-09
5.2023e-18
2.60115e-18
3.69202e-28
1.25448e-09
1.30238e-18
6.5119e-19
4.86405e-26
3.25595e-19
6.37021e-26
1.84911e-26
4.21753e-29
0.0316988
0.000537202
0.000278406
4.65863e-08
0.000143254
1.30224e-08
6.52109e-09
3.79797e-17
7.31093e-05
3.53395e-09
1.76908e-09
2.94429e-18
8.85073e-10
7.38663e-19
3.69326e-19
3.45511e-27
3.70293e-05
9.3199e-10
4.66384e-10
2.12643e-19
2.33293e-10
5.33168e-20
2.66572e-20
2.33411e-27
1.16672e-10
1.33548e-20
6.67737e-21
5.7677e-28
3.33818e-21
7.30303e-26
1.89337e-28
1.42239e-30
1.8653e-05
2.41285e-10
1.20723e-10
1.47891e-20
6.03825e-11
3.7106e-21
1.85466e-21
8.68833e-26
3.01967e-11
9.3038e-22
4.65177e-22
1.39659e-26
2.32563e-22
8.55695e-27
4.2561e-27
1.93862e-29
1.50998e-11
2.3299e-22
1.16494e-22
9.04e-27
5.81856e-23
3.06743e-27
1.50281e-27
5.75325e-30
2.90401e-23
4.83427e-25
2.24991e-25
6.98167e-28
1.11177e-25
8.8186e-28
3.14923e-28
1.98957e-31
0.016845
0.000153911
8.03795e-05
4.35769e-09
4.18315e-05
1.2687e-09
6.35378e-10
4.27215e-19
2.1559e-05
3.54411e-10
1.77434e-10
3.45963e-20
8.87781e-11
8.6924e-21
4.34624e-21
6.71996e-28
1.05023e-05
8.99242e-11
4.76303e-11
2.56848e-21
2.01874e-11
5.64848e-22
2.82418e-22
4.44835e-27
1.19167e-11
1.61892e-22
8.09436e-23
2.0879e-27
4.04716e-23
6.77919e-28
2.71337e-28
4.4867e-32
5.58431e-06
2.11331e-11
1.24728e-11
1.81874e-22
6.23874e-12
4.58384e-23
2.292e-23
7.78978e-28
3.12e-12
1.15212e-23
5.75269e-24
2.98925e-26
2.86902e-24
9.18454e-27
4.5952e-27
2.01781e-29
1.56016e-12
2.93362e-24
1.46669e-24
3.17385e-27
7.33128e-25
2.19415e-27
1.01373e-27
4.2921e-31
3.64091e-25
1.27461e-26
6.59505e-27
5.34845e-29
3.32884e-27
4.80442e-29
2.19791e-29
7.97213e-32
2.7971e-06
6.47221e-12
3.23831e-12
1.28167e-23
1.61977e-12
3.22774e-24
1.61062e-24
8.90559e-27
8.10056e-13
8.22023e-25
4.10542e-25
2.10863e-27
2.04512e-25
2.68755e-27
1.27197e-27
1.35688e-29
4.05074e-13
2.14778e-25
1.07424e-25
1.38579e-28
5.24753e-26
3.59552e-28
1.65298e-28
1.32776e-30
2.53943e-26
4.93627e-28
2.14985e-28
1.96181e-30
7.62392e-29
1.22991e-30
6.22273e-31
6.34173e-34
2.02549e-13
9.34584e-23
5.15383e-23
6.51179e-31
2.70835e-23
2.71166e-26
2.80028e-32
1.85957e-35
1.37958e-23
2.22954e-25
1.08593e-25
7.03217e-28
3.99215e-26
4.39959e-28
1.80302e-28
4.59576e-31
6.95982e-24
3.30658e-25
1.70369e-25
1.50922e-27
8.6182e-26
6.85909e-28
2.83181e-28
7.10766e-31
1.23669e-26
1.61892e-28
8.08601e-29
1.95966e-31
3.65304e-29
4.19948e-31
1.63918e-31
7.79032e-34
0.00906084
4.63508e-05
2.46781e-05
4.70839e-10
1.31062e-05
1.43722e-10
7.20167e-11
6.2997e-21
6.86077e-06
4.14053e-11
2.07393e-11
5.32687e-22
1.03797e-11
1.34486e-22
6.72237e-23
8.96723e-28
3.11004e-06
9.85636e-12
4.93556e-12
3.68024e-23
2.46978e-12
9.26498e-24
4.62573e-24
9.442e-27
1.41894e-12
2.61021e-24
1.30515e-24
1.24255e-27
6.52059e-25
7.74605e-27
2.08337e-27
6.49572e-30
1.79725e-06
3.00082e-12
1.501e-12
2.91891e-24
7.50888e-13
7.53104e-25
3.76572e-25
1.86711e-27
3.26665e-13
1.7573e-25
8.7723e-26
1.21469e-28
4.27964e-26
7.79752e-28
3.9683e-28
4.58804e-31
1.87803e-13
9.99912e-26
5.02675e-26
1.98946e-28
2.4985e-26
5.17394e-29
2.03869e-29
6.93005e-32
7.20178e-27
2.46141e-28
1.27258e-28
6.58614e-31
6.25605e-29
3.65312e-31
1.71082e-31
9.69532e-34
9.07053e-07
7.84911e-13
3.9275e-13
2.0797e-25
1.96462e-13
5.33356e-26
2.64258e-26
1.76797e-28
9.82568e-14
2.45553e-24
1.11435e-24
1.86538e-27
4.55157e-25
4.54116e-27
1.71981e-27
9.82215e-31
4.91356e-14
7.52743e-24
3.94864e-24
3.97509e-27
1.97935e-24
8.51591e-27
1.26982e-27
9.5158e-30
8.45375e-25
1.39471e-26
7.05249e-27
2.73163e-29
3.55043e-27
7.90971e-30
2.22156e-30
5.70223e-33
2.46351e-14
4.50447e-24
2.38339e-24
1.20119e-26
1.21173e-24
1.00649e-26
3.77095e-27
1.63236e-29
6.02897e-25
5.47837e-27
2.71208e-27
1.20751e-29
1.34037e-27
7.42966e-30
3.68342e-30
3.53574e-33
3.85228e-26
1.14082e-27
5.77677e-28
3.02855e-30
2.85084e-28
1.38282e-30
2.37094e-31
1.6777e-33
7.34352e-29
1.06784e-30
5.27671e-31
8.28483e-34
2.40566e-31
1.08991e-33
3.856e-34
1.5549e-36
4.566e-07
2.06923e-13
1.03549e-13
1.54768e-26
5.18027e-14
4.17753e-27
2.08652e-27
3.70084e-30
2.59103e-14
1.34866e-24
6.80336e-25
1.03267e-27
3.35955e-25
1.02482e-27
4.43455e-28
4.6317e-30
1.29578e-14
3.6018e-25
1.70924e-25
1.1683e-27
6.26053e-26
1.62805e-28
6.79308e-29
2.66875e-31
4.22497e-27
4.38786e-29
2.18238e-29
3.91331e-32
5.64638e-30
8.41249e-32
3.6374e-32
6.19121e-35
6.47963e-15
1.23901e-24
6.60069e-25
5.38368e-27
3.40101e-25
4.06345e-27
1.07287e-27
1.92243e-30
1.68924e-25
4.74657e-27
2.43331e-27
5.84582e-30
1.08523e-27
7.46111e-30
2.56144e-30
6.4242e-33
8.27636e-26
2.18184e-27
1.11013e-27
2.56318e-30
5.24279e-28
7.59837e-30
3.84628e-30
3.39224e-32
2.51663e-28
2.21341e-30
8.68167e-31
5.07688e-33
4.23972e-31
2.94477e-33
1.16508e-33
3.74158e-36
3.24001e-15
2.67242e-24
1.59239e-24
6.01399e-28
8.78305e-25
3.13381e-27
1.31916e-27
7.42416e-30
4.61728e-25
8.39391e-27
4.22651e-27
1.99623e-29
2.10349e-27
3.54429e-29
1.77561e-29
5.43067e-32
2.18108e-25
7.32734e-27
3.77998e-27
6.77949e-30
1.88992e-27
1.76989e-29
2.63406e-30
2.12063e-32
9.29516e-28
1.79916e-29
9.02997e-30
7.11939e-32
4.17332e-30
5.63864e-32
2.55675e-32
3.07989e-35
7.78429e-26
3.6421e-27
1.90039e-27
3.79188e-30
9.62086e-28
4.62941e-30
1.39029e-30
9.29653e-33
4.46107e-28
4.38831e-30
2.13975e-30
1.31064e-32
9.77151e-31
6.79775e-33
2.82586e-33
8.24349e-36
1.58494e-28
4.66739e-30
2.39648e-30
6.08231e-33
1.19693e-30
1.09918e-32
5.51548e-33
2.35884e-35
4.77348e-31
7.87218e-33
3.92573e-33
2.97521e-35
1.94856e-33
1.00655e-35
4.36837e-36
1.15213e-38
0.00507471
1.5438e-05
8.44058e-06
6.22984e-11
4.59624e-06
1.98215e-11
9.94228e-12
1.33015e-22
2.45054e-06
5.86005e-12
2.93733e-12
1.16474e-23
1.47077e-12
2.94165e-24
1.47048e-24
1.69818e-27
1.27531e-06
1.62672e-12
8.14893e-13
9.18187e-25
4.07865e-13
9.95712e-24
3.46606e-24
2.32623e-26
2.04044e-13
3.07073e-24
1.42323e-24
4.03677e-27
6.7884e-25
3.98354e-27
1.60168e-27
8.89625e-30
6.34279e-07
3.83542e-13
2.17494e-13
6.66489e-26
1.08826e-13
4.70067e-25
1.1347e-25
4.15953e-28
5.44352e-14
2.5863e-24
1.31141e-24
1.53831e-26
6.29494e-25
8.00621e-27
3.60431e-27
4.72313e-30
2.72236e-14
1.07658e-24
5.34963e-25
1.18061e-27
2.65969e-25
4.82831e-27
2.34803e-27
9.14299e-30
1.06398e-26
1.18316e-28
3.8588e-29
1.9774e-31
1.57528e-29
1.21013e-31
5.08088e-32
2.08413e-34
3.30721e-07
1.14211e-13
5.71612e-14
5.13551e-27
2.85979e-14
2.51257e-25
1.15981e-25
1.86971e-28
1.43042e-14
7.8191e-25
3.9981e-25
2.17041e-27
1.99213e-25
1.05601e-27
5.00723e-28
3.38481e-30
7.15361e-15
1.0182e-24
5.56941e-25
9.32232e-28
2.90511e-25
3.42782e-27
1.58948e-27
3.34966e-30
1.44867e-25
3.59245e-27
1.8367e-27
2.54535e-30
9.21676e-28
5.01515e-30
1.96248e-30
1.70188e-33
3.57722e-15
2.36995e-25
1.22818e-25
6.17957e-28
5.91731e-26
4.93015e-28
2.3382e-28
5.48461e-31
1.61646e-26
2.36857e-28
1.18352e-28
3.71389e-31
5.68855e-29
1.17596e-30
5.99839e-31
9.55771e-34
5.7208e-28
1.54104e-29
7.87749e-30
5.26831e-32
3.91281e-30
6.15941e-32
2.83607e-32
6.97485e-35
1.85028e-30
5.49608e-32
2.80754e-32
8.12108e-35
9.95168e-33
9.31355e-35
2.649e-35
1.51252e-37
1.66888e-07
3.01913e-14
1.51097e-14
3.90402e-28
7.55992e-15
7.4204e-26
6.55545e-27
4.49341e-29
3.7817e-15
9.18776e-26
4.20622e-26
2.42361e-28
1.98661e-26
1.79029e-28
8.42731e-29
1.4681e-31
1.89138e-15
7.24486e-26
3.68157e-26
1.06709e-28
1.6986e-26
3.52322e-29
8.57252e-30
3.93508e-32
7.78885e-27
6.26077e-29
2.87696e-29
2.54818e-32
9.15135e-30
2.29603e-31
1.17578e-31
6.96122e-34
9.45841e-16
1.1551e-25
5.79428e-26
9.88492e-29
2.38656e-26
1.35047e-28
5.65054e-29
3.53315e-31
9.31648e-27
4.35723e-29
2.02742e-29
6.35157e-32
5.97605e-30
4.12629e-32
1.76309e-32
3.92648e-35
4.56579e-27
2.69612e-28
1.43146e-28
8.3753e-31
7.34173e-29
4.69426e-31
2.22914e-31
1.69875e-33
3.6806e-29
7.91495e-31
3.95649e-31
1.84348e-33
1.636e-31
1.24851e-33
4.65126e-34
4.22043e-36
4.72962e-16
1.97376e-22
1.20987e-22
8.76641e-37
6.78656e-23
2.22842e-36
1.07028e-36
2.33883e-40
3.58798e-23
2.37889e-25
1.16338e-25
4.82008e-28
2.26713e-26
4.70798e-29
1.11984e-29
1.58076e-32
1.8403e-23
3.61855e-25
1.81785e-25
1.79919e-27
8.63774e-26
7.35222e-28
3.64899e-28
3.61337e-31
3.72092e-26
5.89276e-28
2.96584e-28
5.77842e-31
7.18563e-29
6.33791e-31
2.86873e-31
2.87058e-34
9.09104e-24
7.73585e-25
4.23238e-25
1.41345e-27
2.21107e-25
1.41978e-27
6.16015e-28
1.52039e-30
1.12384e-25
1.16703e-27
3.4107e-28
1.81051e-30
1.37375e-28
6.76947e-31
2.40094e-31
2.10203e-34
4.7767e-26
7.85444e-28
3.86447e-28
1.91124e-31
1.84506e-28
8.8737e-31
3.78507e-31
1.30334e-33
7.38865e-29
1.37083e-30
6.93221e-31
1.64638e-33
3.361e-31
3.73284e-33
1.73171e-33
4.2186e-36
8.42155e-08
8.21108e-15
4.11066e-15
2.08505e-26
2.05739e-15
4.63744e-26
2.30999e-26
2.82615e-28
1.02944e-15
4.29075e-26
2.19674e-26
1.95584e-30
1.11014e-26
4.38367e-29
5.80341e-30
3.32651e-32
5.14958e-16
1.38612e-26
6.97798e-27
6.99832e-31
3.19588e-27
2.3533e-29
1.04883e-29
1.26582e-31
1.4887e-27
1.82801e-29
9.15895e-30
2.56616e-32
1.80734e-30
3.50738e-32
1.76618e-32
1.01441e-35
2.57547e-16
4.4427e-23
2.40853e-23
5.46665e-28
1.25498e-23
1.53745e-25
6.40544e-26
2.10225e-28
6.29007e-24
7.01687e-26
1.27795e-26
3.79058e-29
6.23012e-27
1.52189e-28
7.57823e-29
1.35188e-31
3.04004e-24
2.73952e-25
1.51001e-25
1.3937e-27
7.89587e-26
9.68376e-28
4.83756e-28
2.01921e-30
4.02481e-26
2.04156e-27
1.06899e-27
4.13437e-30
5.46003e-28
5.14991e-30
6.79542e-31
1.55353e-33
1.28792e-16
3.00441e-23
1.68056e-23
4.94097e-26
8.90889e-24
8.84451e-26
4.29359e-26
2.11646e-28
4.58276e-24
1.8246e-25
9.37043e-26
4.57352e-28
4.53189e-26
1.65538e-28
4.22814e-29
2.09711e-31
2.17574e-24
6.51123e-26
3.34466e-26
1.10638e-28
1.66523e-26
1.8111e-28
7.03025e-29
2.99681e-31
9.83477e-28
1.27989e-29
5.96026e-30
1.35772e-32
2.88159e-30
3.34599e-32
1.24966e-32
5.52661e-35
5.40256e-25
2.06744e-26
1.0693e-26
3.60095e-29
5.33416e-27
5.60365e-29
2.09098e-29
1.883e-32
2.5293e-27
4.69539e-29
2.23111e-29
2.04319e-32
8.73808e-30
4.91478e-32
2.40184e-32
1.34867e-34
1.24167e-27
1.94906e-29
9.89145e-30
3.01608e-32
4.44157e-30
2.47477e-32
1.20365e-32
9.49939e-35
2.15634e-30
1.43804e-32
6.93877e-33
4.39113e-35
2.23773e-33
4.5041e-35
2.28773e-35
1.59651e-38
6.44018e-17
4.10035e-23
3.02592e-23
2.30669e-38
1.96354e-23
1.34442e-25
6.49066e-26
1.76211e-28
1.14519e-23
1.13344e-25
5.55049e-26
1.96464e-28
2.77915e-26
2.06935e-28
8.86881e-29
1.34403e-31
6.22231e-24
1.28201e-25
6.49003e-26
3.85727e-28
2.77559e-26
1.26537e-28
1.11765e-29
3.39505e-32
1.37498e-26
3.36217e-28
1.71884e-28
5.51115e-31
7.50145e-29
8.98053e-31
4.29228e-31
7.50827e-35
3.24251e-24
3.09187e-25
1.70632e-25
1.1649e-27
8.91103e-26
3.6331e-28
7.41773e-29
2.15986e-31
4.40543e-26
7.3207e-28
3.67849e-28
2.2197e-30
1.81929e-28
4.32905e-31
1.12681e-31
8.7798e-34
1.9248e-26
6.54241e-28
3.35392e-28
5.51257e-31
1.5969e-28
1.98921e-30
6.64783e-32
3.53077e-34
5.26808e-29
1.93852e-30
9.94495e-31
2.01351e-32
5.00662e-31
2.43455e-33
1.21059e-33
2.05517e-37
1.5509e-24
2.38633e-25
1.42032e-25
1.23043e-27
7.81214e-26
2.5718e-28
2.80672e-29
4.82742e-32
4.09133e-26
3.88281e-28
1.88949e-28
7.38465e-31
9.05312e-29
4.7934e-31
2.36979e-31
4.28703e-34
2.08118e-26
2.29564e-28
1.10356e-28
4.92942e-31
4.08213e-29
4.48606e-31
2.24179e-31
7.90171e-34
1.85409e-29
1.48491e-31
7.25743e-32
6.83727e-35
3.00342e-32
5.67503e-34
2.66799e-34
1.72308e-36
1.01539e-26
3.99777e-28
2.07502e-28
2.59738e-30
1.03738e-28
9.87351e-31
4.24864e-31
1.59705e-33
4.96507e-29
1.12596e-30
5.73813e-31
5.22526e-33
2.56882e-31
1.98179e-33
9.17957e-34
7.50079e-36
1.89037e-29
3.69364e-31
1.74565e-31
5.1353e-34
5.40669e-32
3.07574e-34
4.27461e-35
2.10869e-37
1.77617e-32
5.28718e-34
2.7162e-34
7.26922e-37
1.26475e-34
8.33294e-37
1.62948e-37
4.12257e-40
0.00305751
5.94495e-06
3.32886e-06
1.0484e-11
1.85127e-06
3.42828e-12
1.72144e-12
4.40174e-24
1.00123e-06
1.03051e-12
5.1702e-13
3.98232e-25
2.59003e-13
4.89878e-24
2.46582e-24
6.55252e-27
5.25695e-07
2.88809e-13
1.4476e-13
2.38427e-25
7.24776e-14
2.4849e-25
1.34652e-26
1.40261e-28
3.62648e-14
2.80568e-25
1.24784e-25
5.95846e-28
3.81281e-26
1.90771e-28
8.80161e-29
1.21222e-31
2.70304e-07
7.74814e-14
3.88052e-14
6.24416e-26
1.94208e-14
1.77896e-25
8.90719e-26
3.75729e-28
9.71548e-15
1.13313e-25
2.39171e-26
6.01604e-29
1.09471e-26
2.48437e-29
1.02047e-29
7.38182e-32
4.85912e-15
2.50552e-25
1.32476e-25
2.29042e-29
6.81033e-26
7.50438e-28
3.76808e-28
8.68949e-31
3.32767e-26
6.12132e-28
3.10057e-28
4.98705e-31
1.5545e-28
1.85021e-30
1.10638e-31
8.78298e-34
1.37353e-07
2.039e-14
1.02073e-14
1.84903e-25
5.10751e-15
7.88532e-26
2.79929e-26
1.18294e-28
2.55496e-15
1.37834e-25
6.75538e-26
1.29298e-28
3.66261e-27
1.99975e-29
6.01889e-30
7.06968e-33
1.27783e-15
6.74111e-26
3.57453e-26
6.9716e-29
1.75646e-26
1.56466e-28
5.38823e-29
3.44704e-32
8.85138e-27
6.79836e-29
2.93495e-29
2.91458e-32
1.31951e-29
9.13024e-32
4.27426e-32
5.63671e-35
6.39014e-16
1.4269e-26
7.20388e-27
2.90791e-29
3.58856e-27
4.88327e-29
2.28375e-29
1.02183e-31
1.49194e-27
3.93011e-29
2.00131e-29
4.7221e-32
9.9834e-30
1.08477e-31
5.31667e-32
4.35257e-34
4.83244e-28
6.83388e-30
3.45635e-30
4.16445e-33
1.46948e-30
1.05329e-32
4.16327e-33
1.07968e-35
2.00239e-31
2.6717e-33
1.32275e-33
1.85648e-35
6.45378e-34
1.01489e-35
5.12684e-36
1.85016e-38
7.08889e-08
4.91942e-15
2.44561e-15
2.06594e-27
1.35853e-15
1.22583e-26
3.6811e-27
5.69602e-30
5.99645e-16
1.07609e-26
5.39428e-27
1.20031e-29
2.39209e-27
4.08871e-29
2.02028e-29
9.30191e-32
3.3708e-16
2.2472e-23
1.17132e-23
6.80825e-37
5.96224e-24
2.81482e-26
1.41073e-26
9.66758e-30
2.91613e-24
8.3288e-26
4.27172e-26
3.68152e-28
2.14718e-26
1.55064e-28
2.92176e-29
2.19486e-31
1.68576e-16
7.25349e-24
3.71113e-24
1.1967e-26
1.78288e-24
1.57791e-26
7.64859e-27
1.29191e-29
7.45597e-25
1.15583e-26
5.23748e-27
1.78912e-29
2.41917e-27
2.29226e-29
1.08628e-29
2.35602e-32
3.71639e-25
2.79639e-26
1.51081e-26
2.9684e-29
7.86625e-27
6.8887e-29
2.99702e-29
6.56126e-32
4.00795e-27
9.1428e-29
4.64569e-29
4.51604e-32
2.03279e-29
1.60393e-31
7.65125e-32
1.04292e-34
8.4297e-17
2.06997e-23
1.2528e-23
1.80719e-26
6.95818e-24
1.16954e-25
5.71755e-26
2.49264e-28
3.67534e-24
5.79169e-26
2.81696e-26
1.34374e-28
2.58863e-27
2.14723e-29
1.03248e-29
4.13231e-32
1.86738e-24
1.03464e-25
5.45728e-26
1.21852e-28
2.78172e-26
7.77586e-29
2.17599e-29
8.93347e-32
1.34134e-26
9.84859e-29
4.32698e-29
4.68384e-32
1.84424e-29
1.63349e-31
7.56726e-32
1.39912e-35
9.39429e-25
4.60293e-26
2.41266e-26
9.93702e-29
1.22112e-26
1.06968e-28
4.79188e-29
8.7315e-32
5.98166e-27
8.98847e-29
3.90775e-29
5.18076e-32
8.67524e-30
7.66122e-32
3.18923e-32
1.65865e-34
2.17387e-27
6.94726e-29
3.55345e-29
1.10398e-31
1.74497e-29
3.14559e-31
1.55485e-31
6.97948e-34
6.7294e-30
1.21715e-31
6.1768e-32
3.2032e-34
3.02137e-32
1.6571e-34
3.40905e-35
1.83579e-37
3.51045e-08
1.45371e-15
7.27869e-16
5.47367e-28
3.64385e-16
4.21231e-27
1.98362e-27
4.25764e-30
1.82363e-16
1.61137e-26
8.12186e-27
5.60909e-29
1.44258e-27
7.31995e-30
2.34794e-30
1.23428e-33
9.12365e-17
3.09429e-24
1.57786e-24
2.85454e-27
7.90425e-25
6.06261e-27
1.59547e-27
1.30037e-29
1.67737e-28
6.72971e-30
3.50376e-30
7.23009e-33
8.0619e-31
1.99638e-33
2.38285e-34
7.45421e-37
4.56342e-17
3.36292e-24
1.75521e-24
1.47931e-26
8.81822e-25
1.02993e-26
4.86409e-27
4.91126e-29
4.41415e-25
1.2071e-26
6.19219e-27
4.67819e-30
2.86863e-27
2.72346e-29
3.47039e-30
3.01112e-32
1.66242e-25
4.68015e-27
2.38127e-27
8.30749e-30
1.16638e-27
1.62131e-29
6.6121e-30
1.34563e-32
2.34063e-28
3.57963e-30
1.78322e-30
7.86207e-33
8.32182e-31
1.22277e-32
6.14766e-33
5.51798e-36
2.28215e-17
2.49268e-24
1.34313e-24
1.38981e-27
6.95788e-25
3.36951e-27
9.19019e-28
9.75682e-31
3.50891e-25
4.27544e-27
2.14846e-27
1.30737e-29
1.04617e-27
2.4018e-30
1.099e-30
1.45605e-33
1.72337e-25
3.74945e-27
1.9102e-27
1.5225e-29
9.55338e-28
1.09289e-29
4.79202e-30
4.40056e-32
2.45646e-28
1.04959e-29
5.42115e-30
1.07156e-32
2.76131e-30
2.37602e-32
8.36131e-33
4.35032e-35
7.68516e-26
4.12466e-27
2.17204e-27
7.23867e-30
1.10682e-27
5.9091e-30
1.6697e-30
4.07453e-33
5.44235e-28
3.52555e-29
1.88642e-29
1.19038e-31
9.75298e-30
6.6799e-32
2.15274e-32
3.09543e-35
2.28515e-28
1.81692e-29
9.87623e-30
4.72505e-33
5.03976e-30
5.62226e-32
2.69827e-32
8.31017e-35
2.56735e-30
3.91997e-32
1.92167e-32
7.90323e-35
9.55463e-33
1.07792e-34
4.41626e-35
5.29698e-37
1.14119e-17
2.17247e-24
1.2629e-24
1.02235e-27
6.83415e-25
9.02337e-27
4.56844e-27
5.56112e-30
3.55984e-25
5.54582e-27
2.80751e-27
7.7568e-30
1.41003e-27
1.19126e-29
3.89103e-30
2.19882e-32
1.61192e-25
1.23202e-26
6.65333e-27
3.37446e-30
3.40017e-27
2.9998e-29
1.48657e-29
6.41414e-33
1.71998e-27
2.81067e-29
1.2733e-29
1.1015e-31
5.03715e-31
3.30293e-33
9.79281e-34
3.31765e-36
8.08e-26
3.78325e-27
1.97715e-27
3.69992e-30
9.82226e-28
5.56816e-30
2.45887e-30
3.88273e-33
4.55609e-28
8.5511e-30
4.33171e-30
3.91111e-32
2.11223e-30
3.02867e-32
1.16436e-32
1.3972e-35
1.87898e-28
5.00361e-30
2.53516e-30
4.88357e-33
1.25677e-30
1.15565e-32
4.51162e-33
6.78751e-36
6.11108e-31
1.23481e-32
6.2726e-33
1.29178e-35
3.84832e-34
1.84365e-36
5.99817e-37
8.98501e-40
3.79592e-26
6.86883e-27
4.24855e-27
2.02685e-29
2.39444e-27
1.77574e-29
4.98004e-30
1.96886e-32
1.27355e-27
2.09317e-29
9.41101e-30
7.5914e-32
4.65856e-30
2.77606e-32
1.19405e-32
7.11015e-36
6.47326e-28
1.36559e-29
5.75827e-30
1.20773e-32
2.58381e-30
1.44803e-32
2.50797e-33
7.78869e-36
1.26556e-30
4.85748e-32
2.51278e-32
3.18953e-35
1.27301e-32
4.96588e-35
2.2181e-35
3.92732e-38
3.20045e-28
2.44112e-29
1.32112e-29
6.90738e-32
6.83596e-30
2.67588e-32
8.29497e-33
3.14791e-35
3.45959e-30
6.93681e-32
3.28583e-32
6.38856e-35
1.10317e-32
2.07346e-34
1.01359e-34
3.17696e-37
9.46646e-31
1.83533e-32
9.24418e-33
6.39262e-35
4.44424e-33
2.45902e-35
9.09469e-36
4.38482e-38
6.71505e-34
2.07396e-35
1.06664e-35
6.71872e-39
4.56386e-36
1.04108e-38
2.76077e-39
1.04948e-41
1.85575e-08
4.27145e-16
2.14018e-16
3.87771e-28
1.07219e-16
1.801e-27
9.0332e-28
2.91123e-31
5.36913e-17
5.24888e-25
2.3371e-25
5.09474e-28
1.29778e-28
7.70465e-31
3.8319e-31
4.91953e-34
2.68722e-17
4.32771e-25
1.7457e-25
8.12414e-28
6.62907e-26
1.9718e-28
7.53617e-29
5.7134e-31
2.19419e-26
5.88435e-28
2.92418e-28
9.32324e-31
1.01583e-28
3.00303e-31
1.23843e-31
3.46996e-34
1.34437e-17
9.97899e-25
5.29649e-25
3.92341e-27
2.72136e-25
1.02538e-27
1.53731e-28
4.61524e-31
1.3512e-25
1.14245e-27
2.94688e-28
2.04484e-30
7.44031e-29
6.49899e-31
3.22666e-31
1.1426e-33
5.539e-26
2.23072e-27
1.15092e-27
1.04538e-29
5.85532e-28
7.59499e-30
3.76514e-30
8.97016e-33
1.18066e-28
2.7795e-30
1.39992e-30
1.72142e-33
7.02146e-31
1.01274e-32
5.10066e-33
4.7816e-35
6.72404e-18
1.14304e-24
6.66237e-25
5.77686e-28
3.61587e-25
3.11209e-27
1.31571e-27
1.2879e-29
1.88046e-25
3.47142e-27
1.75594e-27
1.99107e-30
6.83102e-28
5.48194e-30
1.49683e-30
8.91907e-33
9.48428e-26
2.38433e-27
1.20228e-27
5.48517e-30
5.40696e-28
1.06562e-29
5.41325e-30
2.41431e-33
1.30572e-28
1.52213e-30
7.30695e-31
2.65825e-33
3.53528e-31
7.33129e-34
1.35198e-34
1.03964e-36
4.14744e-26
2.69057e-27
1.43512e-27
1.62944e-32
7.36827e-28
6.64019e-30
3.14491e-30
1.99126e-32
3.70851e-28
4.99441e-30
2.48594e-30
6.37778e-33
1.17405e-30
5.5701e-33
1.63959e-33
5.89672e-36
1.61077e-28
1.62076e-29
9.03823e-30
2.62658e-33
4.78238e-30
2.37942e-32
8.33637e-33
1.14232e-35
2.45557e-30
4.52816e-32
2.27043e-32
6.76561e-35
1.1376e-32
2.94458e-35
1.46855e-35
9.87453e-38
3.36257e-18
6.53806e-25
4.02578e-25
1.61097e-27
2.27358e-25
9.19722e-28
3.65815e-28
1.90618e-30
1.20939e-25
2.08321e-27
1.04601e-27
9.4777e-30
4.97827e-28
2.82865e-30
1.06837e-30
3.16856e-34
6.22291e-26
3.77162e-27
2.0023e-27
4.87227e-30
1.02226e-27
6.28206e-30
1.21208e-30
5.46657e-34
5.11631e-28
8.96396e-30
4.52979e-30
7.93644e-33
2.26857e-30
3.72263e-32
1.8369e-32
6.76564e-35
3.05691e-26
9.40908e-28
4.83368e-28
1.75886e-32
2.25943e-28
3.3143e-30
1.66244e-30
5.72497e-33
9.47251e-29
1.99344e-30
1.01523e-30
1.27773e-33
4.93814e-31
4.50719e-33
2.18035e-33
7.26479e-36
4.02122e-29
1.97829e-30
1.03769e-30
8.85527e-34
5.28316e-31
8.49658e-33
4.26323e-33
2.57038e-36
2.61554e-31
2.05207e-33
9.55801e-34
1.40514e-36
3.69126e-34
3.6856e-36
1.60473e-36
1.24446e-39
8.65892e-27
4.89082e-28
2.57701e-28
7.32001e-31
1.32106e-28
1.69431e-30
8.31264e-31
7.50996e-33
6.50128e-29
1.09595e-30
5.48475e-31
7.21006e-34
2.50967e-31
1.81073e-33
9.1073e-34
6.49105e-36
2.41844e-29
7.96509e-31
4.08669e-31
4.80231e-34
2.05957e-31
2.59611e-33
1.19932e-33
1.86138e-36
9.97922e-32
1.58061e-33
7.63481e-34
4.12676e-36
3.59607e-34
2.00159e-36
1.13011e-37
2.86371e-40
3.5272e-31
2.71935e-32
1.47144e-32
3.67094e-35
7.61158e-33
7.43889e-35
3.63931e-35
3.43531e-37
3.82731e-33
6.86173e-35
3.40714e-35
2.25597e-37
1.68244e-35
8.00464e-38
3.65024e-38
1.18607e-40
1.89697e-33
6.62331e-35
3.41007e-35
1.68609e-37
1.72747e-35
1.81891e-37
8.43382e-38
2.64072e-40
8.47089e-36
1.0135e-37
4.98889e-38
1.68086e-41
1.34706e-38
3.08195e-40
1.5746e-40
1.39604e-43
1.47568e-18
5.15993e-22
3.1964e-22
3.11854e-28
1.80586e-22
6.08839e-27
1.06811e-27
5.56694e-30
9.61656e-23
6.72345e-28
3.23088e-28
4.38517e-31
1.40771e-28
8.27745e-31
2.87405e-31
5.89584e-34
4.96055e-23
1.02978e-24
5.21306e-25
6.89774e-28
2.54819e-25
2.88775e-27
1.32496e-27
1.72681e-29
8.20376e-26
1.17328e-27
5.84929e-28
1.72053e-30
2.93724e-28
3.25545e-30
1.2637e-30
2.80021e-33
2.51569e-23
1.31386e-24
6.89851e-25
1.98586e-27
3.5034e-25
2.93903e-27
1.44389e-27
5.81243e-30
1.30468e-25
2.22811e-27
1.13212e-27
1.77943e-30
4.60352e-28
2.53846e-30
7.6855e-31
8.69137e-34
2.51679e-26
4.27817e-28
2.14513e-28
7.93577e-31
1.05229e-28
7.38332e-31
3.47092e-31
3.07044e-34
4.6306e-29
1.29622e-31
4.8942e-32
2.05274e-34
1.87384e-32
1.32965e-34
6.11771e-35
1.82069e-37
1.26284e-23
1.6768e-24
9.70611e-25
1.23432e-27
5.22236e-25
7.77906e-27
3.10229e-27
6.17215e-30
2.70455e-25
5.96603e-27
2.94296e-27
5.96064e-30
5.27977e-28
3.05083e-30
7.46104e-31
6.59699e-33
1.37081e-25
3.36528e-27
1.72237e-27
1.373e-29
7.69457e-28
3.63717e-30
1.70813e-30
8.8828e-33
1.51219e-28
3.21079e-30
1.4944e-30
4.97054e-33
3.65655e-31
4.17171e-33
2.06641e-33
1.7711e-36
6.45936e-26
2.03619e-27
1.03253e-27
1.66114e-30
5.15176e-28
5.24125e-30
2.22579e-30
1.37032e-32
1.90723e-28
2.09989e-30
1.06047e-30
8.13358e-33
5.11245e-31
4.76336e-33
1.48691e-33
8.70573e-36
8.87386e-29
4.04127e-30
2.11323e-30
1.22384e-33
1.07498e-30
7.15353e-33
3.39255e-33
1.4625e-36
5.42023e-31
1.47559e-32
7.52761e-33
1.86584e-35
3.62671e-33
4.67159e-35
2.16509e-35
6.33504e-38
1.18509e-27
2.1964e-28
1.36753e-28
2.29295e-31
7.74587e-29
2.50604e-31
1.04801e-31
1.2944e-33
4.13312e-29
9.52474e-31
4.77021e-31
2.13239e-33
2.11881e-31
1.2458e-33
5.08529e-34
1.64895e-36
2.02528e-29
5.51258e-31
2.72718e-31
1.17293e-33
1.34091e-31
5.01739e-34
2.5145e-34
7.6085e-37
6.64308e-32
1.42083e-33
6.80175e-34
1.34479e-36
3.36508e-34
1.91471e-36
4.54184e-37
4.55061e-39
1.0149e-29
5.30029e-31
2.79533e-31
1.55273e-33
1.42815e-31
2.09587e-34
9.06155e-35
4.14677e-37
7.21053e-32
5.10852e-34
2.44501e-34
6.08063e-37
3.40213e-35
4.44131e-37
2.17328e-37
1.45199e-39
2.19965e-32
5.52606e-34
2.78477e-34
1.33556e-36
1.26347e-34
1.18867e-36
5.97756e-37
9.03705e-40
3.57862e-35
1.44155e-36
7.45609e-37
1.37401e-39
3.6326e-37
3.68688e-39
1.76465e-39
2.69731e-42
2.75277e-30
1.99483e-31
1.07101e-31
2.53787e-34
5.38379e-32
3.68497e-34
1.13273e-34
5.20076e-37
2.72805e-32
9.00762e-34
4.61668e-34
2.92413e-36
2.23556e-34
3.56935e-36
5.67381e-37
3.92236e-39
1.19351e-32
2.69188e-34
1.33714e-34
1.98492e-37
6.68479e-35
2.91363e-37
8.11221e-38
2.34235e-40
3.21249e-35
3.67398e-37
1.70196e-37
2.97332e-40
4.60942e-38
4.62849e-40
1.59423e-40
4.11757e-43
1.85848e-33
7.80027e-35
4.04639e-35
9.89984e-38
1.9413e-35
1.7731e-37
8.49931e-38
1.46447e-40
9.73574e-36
3.71766e-37
1.92855e-37
1.85161e-40
9.7863e-38
1.17624e-39
6.99462e-41
3.99737e-43
4.85385e-36
1.70077e-37
8.74903e-38
2.10494e-40
4.3931e-38
2.8366e-40
5.13187e-41
6.16422e-44
1.9725e-38
3.42312e-40
1.7021e-40
1.98299e-43
3.21784e-41
2.30535e-43
1.15638e-43
4.17741e-46
0.491697
0.379451
0.32653
0.084508
0.251986
0.0437708
0.0255733
0.000338693
0.171443
0.0179712
0.00992033
5.0485e-05
0.00523988
1.41156e-05
7.08262e-06
2.73849e-11
0.104189
0.00610704
0.00323895
5.41909e-06
0.00167321
1.46071e-06
7.31572e-07
3.10617e-13
0.000851634
3.81936e-07
1.91175e-07
2.18834e-14
9.56397e-08
5.48336e-15
2.74168e-15
9.88992e-26
0.0584205
0.00183061
0.000948734
4.76247e-07
0.00048466
1.26771e-07
6.34515e-08
2.59029e-15
0.000227886
2.88949e-08
1.44593e-08
1.45169e-16
6.4059e-09
3.22991e-17
1.61496e-17
1.22242e-27
0.000123599
8.47755e-09
4.24083e-09
1.2442e-17
2.12093e-09
3.11475e-18
1.55738e-18
3.40002e-26
1.0606e-09
7.79235e-19
3.89617e-19
6.92427e-27
1.94809e-19
1.94112e-26
7.6454e-27
2.10092e-29
0.0312479
0.000513211
0.000263443
3.8493e-08
0.000134243
1.03445e-08
5.17666e-09
1.99966e-17
6.79895e-05
2.72589e-09
1.36381e-09
1.46073e-18
6.82128e-10
3.65877e-19
1.82938e-19
5.69554e-27
3.42618e-05
7.04816e-10
3.5256e-10
1.01037e-19
1.76319e-10
2.52958e-20
1.26479e-20
3.65722e-28
8.81691e-11
6.32896e-21
3.16447e-21
1.61941e-28
1.58223e-21
4.78205e-26
4.23086e-27
6.2848e-30
1.72071e-05
1.79881e-10
8.99681e-11
6.75956e-21
4.49912e-11
1.69198e-21
8.45988e-22
2.14559e-26
2.24974e-11
4.23499e-22
2.11752e-22
7.86966e-27
1.05875e-22
3.06839e-27
1.17836e-27
4.26184e-30
1.12492e-11
1.05934e-22
5.29667e-23
5.921e-28
2.6482e-23
8.36571e-26
3.13964e-26
1.51319e-28
1.32408e-23
1.78929e-25
8.38851e-26
5.59953e-28
4.17462e-26
4.37223e-28
2.03743e-28
1.11236e-30
0.016365
0.000140947
7.24424e-05
3.15161e-09
3.7107e-05
8.72412e-10
4.3658e-10
1.69694e-19
1.88912e-05
1.92247e-10
1.17698e-10
1.29507e-20
5.453e-11
2.87621e-21
1.62318e-21
7.58908e-27
9.55482e-06
6.1731e-11
3.08801e-11
9.20932e-22
1.54438e-11
2.30722e-22
1.15362e-22
4.17787e-27
7.72289e-12
5.77903e-23
2.88934e-23
2.7701e-28
1.44446e-23
4.41409e-25
2.24544e-25
8.42297e-28
4.80912e-06
1.59002e-11
7.95273e-12
6.27512e-23
3.97705e-12
1.57184e-23
7.85552e-24
2.29937e-26
2.01226e-12
3.96483e-24
1.97768e-24
5.69606e-27
9.83928e-25
1.39531e-26
6.92996e-27
2.79352e-29
9.94396e-13
4.02839e-23
2.0786e-23
1.91707e-30
1.03712e-23
9.16113e-26
4.45621e-26
7.66056e-29
4.87735e-24
3.34349e-26
1.46528e-26
1.86353e-29
5.70301e-27
4.65564e-29
2.09628e-29
7.7788e-32
2.41346e-06
4.05905e-12
2.03011e-12
4.21505e-24
1.01521e-12
1.05577e-24
5.27609e-25
2.53226e-27
5.07645e-13
2.68073e-24
1.31366e-24
7.71088e-27
3.55688e-25
2.30406e-27
1.00488e-27
2.55117e-30
2.53833e-13
6.76607e-24
3.26892e-24
5.25001e-27
1.52794e-24
1.27447e-26
5.19096e-27
7.83522e-30
7.37755e-25
5.32604e-27
2.59748e-27
2.03026e-29
1.26611e-27
1.02934e-29
3.24309e-30
2.88968e-32
1.26919e-13
6.55554e-24
3.46145e-24
1.39515e-26
1.76646e-24
3.95695e-27
1.77805e-27
7.54561e-30
8.738e-25
1.95632e-26
9.96026e-27
2.97109e-29
5.0336e-27
2.41371e-29
1.1507e-29
1.51712e-32
3.90246e-25
2.87135e-26
1.54904e-26
9.11476e-29
8.02529e-27
2.70846e-29
4.63897e-30
9.10994e-33
4.08713e-27
3.86334e-29
1.92959e-29
2.91119e-31
2.82504e-30
1.08343e-32
4.33944e-33
1.08235e-35
0.00856532
3.94661e-05
2.0517e-05
2.8378e-10
1.06503e-05
6.92679e-11
4.11197e-11
1.78744e-21
5.48088e-06
2.28493e-11
1.14351e-11
1.43131e-22
5.72037e-12
3.59879e-23
1.79934e-23
1.40891e-28
2.79163e-06
6.11035e-12
3.0572e-12
1.05055e-23
1.52917e-12
2.63641e-24
1.31726e-24
4.70621e-27
7.6471e-13
6.62547e-25
3.31051e-25
9.1067e-28
1.6493e-25
3.84156e-28
1.58516e-28
4.05304e-31
1.20475e-06
1.32214e-12
6.61434e-13
5.3783e-25
3.30814e-13
1.33589e-24
5.49988e-25
3.13782e-28
1.68614e-13
1.48739e-24
2.14854e-26
3.97827e-29
1.02169e-26
1.33553e-28
6.66401e-29
1.59219e-31
9.95652e-14
4.4896e-24
2.40128e-24
3.23565e-27
1.24195e-24
1.50327e-26
7.28577e-27
1.32772e-29
6.28093e-25
9.65163e-27
4.38296e-27
2.38138e-29
2.18594e-27
3.74114e-29
1.83353e-29
2.81487e-32
7.09636e-07
4.09424e-13
2.04782e-13
4.98282e-26
1.02411e-13
5.50987e-25
2.71216e-25
1.15583e-27
5.12106e-14
3.95267e-25
1.86783e-25
5.84104e-29
7.59518e-26
1.34041e-27
6.77559e-28
1.37168e-30
2.56068e-14
1.30775e-24
7.11166e-25
1.55143e-27
3.71151e-25
1.14586e-27
5.67612e-28
1.86562e-30
1.88496e-25
1.78294e-27
8.05115e-28
3.63969e-30
2.00598e-28
2.12357e-30
6.53257e-31
1.1486e-33
1.28038e-14
5.50981e-25
2.94942e-25
1.51333e-27
1.51445e-25
7.90498e-28
2.84051e-28
1.02172e-30
7.60286e-26
2.78892e-27
1.43567e-27
6.1396e-30
7.22194e-28
1.67271e-29
8.54018e-30
2.4355e-32
3.75667e-26
6.30153e-28
2.79225e-28
1.5629e-30
1.10191e-28
7.611e-31
3.06257e-31
4.7329e-34
3.75921e-29
6.93811e-31
3.16924e-31
1.7526e-33
1.53372e-31
1.69071e-33
6.23088e-34
3.94979e-36
3.56108e-07
1.0527e-13
5.26536e-14
3.19577e-26
2.63323e-14
1.52288e-25
5.5802e-26
6.55534e-28
1.31678e-14
9.73911e-26
4.17609e-26
7.93257e-29
1.74349e-26
5.54544e-29
2.25561e-29
5.80738e-32
6.58434e-15
4.39305e-26
2.06355e-26
2.51443e-28
6.54496e-27
5.4185e-29
2.0904e-29
6.72613e-32
1.03116e-27
3.65143e-29
1.86853e-29
1.91099e-32
9.27504e-30
3.31778e-32
1.38953e-32
1.24692e-36
3.29229e-15
9.80044e-26
5.12262e-26
1.351e-28
2.54079e-26
4.1569e-28
2.08191e-28
5.23703e-31
1.19508e-26
1.80535e-28
6.60964e-29
3.00771e-31
3.03759e-29
2.40533e-31
1.20261e-31
2.46723e-34
4.83133e-27
3.3277e-28
1.7869e-28
6.57268e-31
9.2415e-29
1.12535e-30
5.00332e-32
2.6025e-34
4.45157e-29
4.86061e-31
2.29619e-31
1.81935e-34
1.08225e-31
9.80253e-34
7.34056e-35
1.89739e-38
1.64618e-15
2.78676e-22
1.58512e-22
6.05594e-36
8.47698e-23
1.71428e-35
2.40787e-36
5.15502e-39
4.38317e-23
1.18131e-27
1.59053e-28
9.64893e-31
5.37611e-36
4.33977e-38
2.05354e-38
3.67306e-41
2.21313e-23
4.90659e-25
2.49803e-25
1.04786e-27
1.23112e-25
5.39286e-28
2.6905e-28
1.60079e-30
3.81633e-26
7.16172e-28
3.61429e-28
3.1933e-30
1.55743e-28
1.24694e-30
6.0077e-31
3.86607e-33
1.10483e-23
4.69109e-25
2.43436e-25
5.01026e-28
1.22978e-25
6.88394e-28
3.25611e-28
1.80269e-31
5.46607e-26
1.04155e-27
5.23733e-28
1.36802e-30
2.55881e-28
2.63608e-30
1.00821e-30
4.64179e-33
2.65843e-26
1.47989e-28
6.22511e-29
3.07652e-31
1.61558e-29
1.08934e-31
5.34557e-32
4.39456e-34
3.72241e-30
6.68964e-32
2.91615e-32
2.90705e-34
1.45528e-32
2.128e-34
1.054e-34
1.28875e-37
0.00457117
1.17456e-05
6.23744e-06
3.00703e-11
3.30764e-06
9.14673e-12
4.58164e-12
2.5796e-23
1.7299e-06
2.62702e-12
1.31546e-12
4.83796e-24
6.58271e-13
2.73967e-24
9.94079e-25
1.02373e-27
8.90071e-07
7.15853e-13
3.58314e-13
4.21409e-25
1.55973e-13
2.49446e-24
1.28731e-24
3.66157e-27
8.96579e-14
6.63173e-25
3.36179e-25
5.17172e-28
1.64511e-25
9.92847e-28
4.93302e-28
1.69729e-30
4.52409e-07
1.88488e-13
8.19261e-14
3.49556e-25
4.71749e-14
2.78245e-25
1.18489e-25
3.64213e-28
2.04957e-14
2.45097e-25
1.23796e-25
3.35464e-28
5.73058e-26
3.2648e-28
1.58669e-28
2.35216e-31
1.17975e-14
2.05277e-25
1.05539e-25
7.9161e-29
5.321e-26
6.96513e-28
3.22034e-28
1.01624e-30
8.41632e-27
1.90766e-28
9.41273e-29
1.85849e-31
4.58689e-29
3.70917e-31
1.22604e-31
1.5414e-34
2.28289e-07
4.88129e-14
2.44189e-14
1.62555e-26
1.2213e-14
9.93145e-26
4.51267e-26
3.41824e-28
6.10749e-15
4.66959e-26
2.36868e-26
7.57014e-30
1.0603e-26
2.02897e-28
1.02795e-28
7.01423e-31
3.05402e-15
8.52711e-26
4.57837e-26
5.05114e-28
2.3725e-26
2.87199e-28
1.43444e-28
3.78698e-31
1.20652e-26
5.23546e-28
2.69018e-28
1.35693e-31
1.2316e-28
5.57996e-31
2.72585e-31
3.05835e-34
1.52709e-15
7.15327e-23
3.75322e-23
1.10492e-35
1.91322e-23
3.81381e-25
1.94141e-25
1.25297e-27
9.23438e-24
1.0472e-25
5.11904e-26
6.36005e-29
2.33839e-26
2.69766e-28
7.80697e-29
4.67363e-32
4.2986e-24
7.39676e-26
3.66221e-26
1.06349e-28
1.75501e-26
2.35293e-28
1.178e-28
9.17219e-32
7.45986e-27
1.19366e-28
5.95759e-29
3.6991e-31
2.93277e-29
4.61065e-31
2.29693e-31
3.54867e-35
1.14781e-07
1.262e-14
6.3127e-15
4.23968e-27
3.15722e-15
1.01999e-26
4.10619e-27
2.69746e-29
1.57889e-15
7.06076e-27
3.5123e-27
3.76025e-30
1.26496e-27
1.36565e-29
6.81878e-30
4.96754e-32
7.89526e-16
8.30267e-27
4.23911e-27
1.43148e-29
2.09227e-27
1.45047e-29
7.15092e-30
5.08371e-33
1.04659e-27
2.68074e-29
1.37336e-29
5.18178e-32
1.98731e-30
7.23536e-33
1.73657e-33
5.02796e-36
3.94785e-16
5.19536e-26
2.35927e-26
9.42999e-29
1.1466e-26
1.17163e-28
1.76413e-29
1.32604e-31
3.39697e-27
5.05796e-29
2.41104e-29
1.72767e-32
4.06233e-30
3.02031e-32
1.32552e-32
8.72915e-35
9.09311e-28
2.07744e-29
1.04354e-29
5.02544e-32
4.71932e-30
1.30278e-31
6.65402e-32
4.19483e-34
5.81031e-31
4.9933e-33
2.34648e-33
4.61045e-36
7.11188e-34
1.21047e-35
6.13699e-36
1.97048e-38
1.97399e-16
2.17271e-23
1.22286e-23
2.82526e-26
6.48963e-24
3.07203e-26
3.34706e-27
2.39098e-29
3.33294e-24
4.05901e-26
2.03761e-26
6.47272e-29
5.43898e-27
4.00641e-29
1.77226e-29
2.05477e-32
1.6231e-24
5.82303e-26
2.98632e-26
1.65521e-28
1.50561e-26
1.48182e-28
1.87195e-29
2.17353e-32
7.29857e-27
1.3835e-28
6.99418e-29
3.22148e-31
3.43414e-29
1.46227e-31
6.11817e-32
5.96566e-34
7.02278e-25
3.78367e-26
1.99342e-26
1.55156e-28
1.0205e-26
5.00628e-29
1.86427e-29
1.07309e-32
5.15763e-27
1.28827e-28
6.44736e-29
1.27813e-31
2.63503e-29
1.71765e-31
7.50672e-32
9.53738e-35
1.14112e-27
2.39339e-29
1.20985e-29
7.70613e-33
5.37097e-30
4.0518e-32
1.1269e-32
5.34788e-35
2.23376e-30
1.87832e-32
9.00205e-33
1.63177e-36
4.45352e-33
3.35875e-35
1.66611e-35
7.23217e-38
5.68734e-08
3.26196e-15
1.63185e-15
2.2912e-27
8.16244e-16
1.5588e-27
6.42549e-28
3.30692e-30
4.0823e-16
1.6486e-27
7.67701e-28
2.70472e-30
1.49157e-28
1.22918e-30
6.10953e-31
1.50948e-33
2.04148e-16
4.59586e-24
2.34913e-24
1.37642e-27
1.17257e-24
1.27864e-26
6.41127e-27
3.64251e-29
1.45137e-28
2.12764e-30
1.02115e-30
1.24168e-33
5.04953e-31
3.02052e-33
1.51396e-33
2.30974e-36
1.02083e-16
5.2559e-24
2.75809e-24
6.33041e-27
1.41361e-24
4.21608e-27
2.1004e-27
1.74417e-30
6.97092e-25
1.12866e-26
5.48955e-27
2.51716e-29
2.68744e-27
7.39585e-29
3.74636e-29
2.64571e-31
1.05885e-25
2.39918e-27
1.22156e-27
3.67075e-30
6.08516e-28
1.06305e-29
5.25354e-30
3.06583e-32
2.87231e-28
4.74152e-30
2.09864e-30
8.50738e-33
1.05368e-30
8.53853e-33
1.01282e-33
2.83827e-36
5.10442e-17
7.64505e-24
4.67213e-24
9.69556e-27
2.62319e-24
2.82276e-26
1.41968e-26
1.45617e-29
1.38467e-24
9.36626e-27
4.08298e-27
2.54968e-29
3.81405e-28
4.76189e-30
2.35427e-30
3.32625e-32
7.10806e-25
1.1789e-26
5.9519e-27
4.06818e-29
2.72195e-27
1.83182e-29
8.9716e-30
2.68933e-32
8.56692e-28
1.51136e-29
7.66449e-30
4.89805e-32
3.66575e-30
2.44637e-32
1.06488e-32
1.27277e-34
2.34605e-25
1.14333e-26
5.97943e-27
1.51612e-29
2.98991e-27
2.07673e-29
3.51593e-30
4.12469e-33
1.38856e-27
5.47748e-29
2.83448e-29
7.2558e-32
1.42598e-29
5.39086e-32
1.80014e-32
4.27864e-35
5.73175e-28
1.25577e-29
6.12242e-30
1.94041e-32
3.0379e-30
6.56515e-33
2.5117e-33
7.69153e-36
1.38699e-30
3.4741e-32
1.7713e-32
1.58268e-34
8.91029e-33
3.24747e-35
1.47112e-35
1.16486e-37
2.26327e-17
4.85168e-24
3.09879e-24
5.61271e-27
1.78907e-24
2.55312e-26
1.05854e-26
2.11536e-30
9.65239e-25
1.54969e-26
7.38124e-27
1.24556e-29
3.66616e-27
2.50339e-29
2.64485e-30
1.1242e-32
5.01899e-25
2.00998e-26
1.03147e-26
2.57142e-28
5.12985e-27
9.65396e-29
4.7395e-29
1.63614e-31
1.79727e-27
8.79617e-30
4.38057e-30
2.11437e-32
2.03639e-30
7.94192e-33
2.5568e-33
6.6345e-36
2.53757e-25
1.05538e-26
5.49203e-27
1.03576e-29
2.79243e-27
2.30157e-29
9.63865e-30
2.84193e-32
1.3728e-27
3.1137e-29
1.49175e-29
1.2186e-32
6.78477e-30
3.97124e-32
1.23259e-32
9.99542e-35
6.82146e-28
2.52103e-29
1.29824e-29
4.40862e-32
6.49261e-30
7.07692e-32
3.41598e-32
3.47616e-34
2.34803e-30
5.33686e-32
2.7055e-32
1.87992e-34
1.36416e-32
1.15982e-34
5.8129e-35
2.24339e-37
1.22816e-25
1.20581e-26
6.69664e-27
2.55587e-29
3.5317e-27
4.00152e-29
1.4691e-30
3.81522e-33
1.80065e-27
4.13075e-29
2.08799e-29
6.19222e-32
6.33387e-30
4.01556e-32
1.68289e-32
3.36193e-35
8.94294e-28
5.4825e-29
2.91265e-29
4.04765e-32
1.49389e-29
1.17719e-31
3.94988e-32
1.05755e-34
6.55039e-30
1.11621e-31
5.62982e-32
3.52932e-34
2.74007e-32
9.53768e-35
4.29993e-35
9.43037e-38
4.48746e-28
2.61155e-29
1.38247e-29
7.38432e-32
7.06552e-30
5.25681e-32
1.38814e-32
2.61573e-35
3.53474e-30
1.84482e-31
9.59061e-32
2.99664e-34
4.06481e-32
1.45478e-34
6.3507e-35
4.11632e-37
1.6276e-30
7.15721e-32
3.7246e-32
6.31297e-35
1.79939e-32
7.57121e-35
2.52713e-35
2.2581e-38
8.17129e-33
6.63034e-35
2.6768e-35
4.50656e-38
1.01192e-35
6.5456e-38
3.11681e-38
1.01162e-40
0.0025499
3.88845e-06
2.12272e-06
3.93961e-12
1.15485e-06
1.25066e-12
6.27162e-13
1.35907e-24
6.15204e-07
3.68859e-13
1.64536e-13
1.99659e-25
9.30124e-14
2.43699e-25
1.02355e-25
5.80259e-28
3.20616e-07
1.02238e-13
4.52504e-14
4.13435e-26
2.55849e-14
6.33103e-26
2.93257e-26
8.22535e-29
1.27987e-14
1.01533e-25
5.08199e-26
1.00964e-28
2.45277e-26
1.59618e-28
4.62991e-29
2.45024e-32
1.63715e-07
2.71061e-14
1.35683e-14
8.83129e-27
6.7883e-15
1.25607e-26
5.74945e-27
1.10182e-29
3.39526e-15
5.10634e-27
2.4553e-27
4.85587e-30
1.17925e-27
7.00454e-30
2.83944e-30
8.10896e-33
1.69792e-15
1.51266e-26
7.82173e-27
1.4815e-29
3.44005e-27
4.12933e-29
1.51623e-29
2.88423e-32
1.27092e-27
1.53116e-29
7.58655e-30
7.13343e-32
3.30788e-30
3.6971e-32
3.16949e-33
3.90833e-36
8.2895e-08
7.05208e-15
3.52868e-15
2.31391e-27
1.76511e-15
7.8241e-28
3.07458e-28
4.7372e-31
8.82777e-16
3.84163e-27
1.21749e-27
1.32761e-29
5.95177e-28
4.96492e-30
1.9417e-30
5.14578e-33
4.4145e-16
1.23359e-24
4.78937e-25
9.00622e-28
2.55364e-26
1.69666e-28
4.14568e-29
4.43451e-31
4.48457e-28
6.29218e-30
2.8618e-30
1.51326e-33
1.11666e-30
7.4297e-33
3.61122e-33
3.78451e-36
2.20742e-16
1.19945e-23
6.52884e-24
6.08958e-27
3.4152e-24
2.02344e-26
9.83954e-28
8.64686e-30
1.69764e-24
4.65474e-26
2.37206e-26
3.86592e-29
9.88846e-27
5.4096e-29
2.44835e-29
1.2913e-31
2.33586e-25
1.36835e-26
7.27122e-27
1.24621e-30
3.73343e-27
5.93228e-30
2.23135e-30
6.55793e-34
1.83346e-27
2.82259e-29
4.66603e-30
3.31035e-33
1.16316e-30
9.63339e-33
4.22564e-33
3.59014e-35
4.20192e-08
1.8326e-15
9.14423e-16
7.44079e-28
4.57398e-16
1.35714e-27
6.83259e-28
3.06179e-30
2.28761e-16
2.54316e-24
1.28851e-24
4.30628e-28
6.41818e-25
8.14055e-27
3.55564e-27
8.13517e-30
1.14399e-16
2.59649e-24
1.302e-24
8.62985e-27
6.59376e-25
2.95831e-27
1.26638e-27
8.54654e-30
1.43487e-25
2.53536e-27
1.26567e-27
3.34888e-30
6.0107e-28
5.23122e-30
1.08234e-30
2.33618e-33
5.72044e-17
1.69845e-24
8.84719e-25
1.8442e-27
4.52506e-25
1.83059e-27
6.3962e-28
1.56372e-30
2.14341e-25
3.90416e-27
1.90976e-27
3.28724e-30
9.21762e-29
2.68929e-31
1.00948e-31
1.2546e-33
1.0257e-25
3.21795e-27
1.65678e-27
3.43564e-30
8.20764e-28
6.95993e-30
3.2883e-30
6.1754e-33
1.57002e-28
2.67351e-30
1.35133e-30
3.20621e-33
3.3431e-31
2.25873e-33
7.10416e-34
4.38659e-36
2.86035e-17
1.24352e-24
6.62544e-25
5.14661e-27
3.41944e-25
6.00986e-27
2.90094e-27
7.54762e-30
1.65913e-25
2.34659e-27
1.1249e-27
3.92636e-30
4.12395e-28
4.193e-30
2.10797e-30
5.86195e-33
8.21715e-26
5.42478e-27
2.90441e-27
1.90855e-30
1.48903e-27
7.65248e-30
3.3659e-30
1.23623e-32
7.25701e-28
7.84467e-30
3.87302e-30
1.42999e-32
1.77542e-30
2.21929e-33
1.05634e-33
1.39145e-35
4.04381e-26
2.96312e-27
1.59732e-27
1.20858e-30
8.29496e-28
5.15577e-30
8.235e-31
2.50379e-33
4.2176e-28
4.67111e-30
1.52064e-30
4.61489e-33
6.78065e-31
6.08529e-33
2.37861e-34
1.34364e-37
2.09768e-28
1.03832e-29
5.43323e-30
3.26203e-32
2.71105e-30
1.11675e-32
4.47698e-33
2.42265e-35
3.91231e-31
3.55755e-33
1.72977e-33
1.66621e-36
5.97198e-34
3.83055e-36
1.5828e-36
3.12743e-39
2.1011e-08
4.79587e-16
2.39951e-16
1.04949e-28
1.2004e-16
1.06239e-24
1.87239e-25
4.26253e-28
6.00435e-17
9.75257e-25
4.95577e-25
3.37548e-27
2.17675e-25
1.70668e-27
5.04177e-28
5.91936e-30
3.00292e-17
1.09345e-24
5.81899e-25
4.22853e-27
2.93919e-25
2.36472e-27
1.14899e-27
5.30661e-30
1.45258e-25
8.12358e-28
3.76018e-28
1.85331e-30
6.45065e-29
6.4871e-31
3.20453e-31
1.35774e-33
1.50167e-17
4.05168e-25
2.11339e-25
5.90356e-28
1.0749e-25
7.03837e-28
2.36706e-28
1.01409e-31
4.73185e-26
6.39497e-28
3.12593e-28
5.68968e-31
1.14909e-28
7.62764e-31
3.3215e-31
1.588e-33
7.62256e-27
4.67327e-28
2.4919e-28
1.39534e-30
1.28643e-28
9.99261e-31
2.45504e-31
4.73934e-34
7.82371e-30
8.14075e-32
4.06016e-32
3.79687e-35
2.01167e-32
1.72439e-34
8.00544e-35
2.25903e-37
7.50891e-18
5.54214e-25
3.17476e-25
6.88282e-28
1.70188e-25
6.35003e-28
1.46976e-28
9.48713e-31
8.81649e-26
2.24577e-27
1.06332e-27
1.59229e-30
5.2379e-28
6.6129e-30
3.34029e-30
5.72262e-33
4.32733e-26
9.25577e-28
4.69989e-28
9.57723e-31
2.34129e-28
2.17317e-30
5.78185e-31
1.16974e-33
5.70417e-29
1.13765e-30
5.58202e-31
2.39908e-33
1.84296e-31
1.47185e-33
7.31993e-34
4.53963e-36
2.11748e-26
2.51666e-27
1.42831e-27
3.26038e-31
7.64313e-28
1.98704e-30
8.61158e-31
2.31666e-33
3.94571e-28
8.17301e-30
4.10331e-30
5.30861e-33
1.6582e-30
8.28302e-33
3.0183e-33
2.48532e-35
1.91295e-28
3.60794e-30
1.82409e-30
5.4853e-33
8.74129e-31
2.07887e-32
1.03204e-32
2.22501e-35
3.80453e-31
7.12139e-33
3.26859e-33
1.65086e-35
4.51214e-34
1.01963e-35
5.20449e-36
3.60357e-38
3.7546e-18
2.45384e-25
1.37934e-25
2.9318e-28
7.32489e-26
3.16447e-28
1.15916e-28
7.33008e-31
3.74009e-26
6.76217e-28
3.15034e-28
1.13905e-30
1.26067e-28
1.39403e-30
3.32813e-31
1.15257e-33
1.73804e-26
5.80559e-28
2.98029e-28
3.03038e-30
1.50575e-28
8.38152e-31
3.1479e-31
8.6787e-34
7.44088e-29
3.60909e-30
1.89772e-30
1.51092e-32
9.71964e-31
9.24212e-33
4.61012e-33
2.5514e-35
7.81392e-27
5.9658e-28
3.23023e-28
2.86669e-30
1.68038e-28
5.15142e-31
1.46634e-31
2.92445e-34
8.53866e-29
8.45053e-31
4.2302e-31
1.68315e-33
1.49434e-31
8.80214e-34
1.52765e-34
9.25041e-37
4.01593e-29
6.55855e-31
3.18858e-31
1.8451e-34
1.53916e-31
5.97304e-34
2.80425e-34
1.97577e-37
7.64069e-32
1.20805e-33
5.60649e-34
2.38647e-37
2.79146e-34
2.40822e-36
1.20775e-36
8.32628e-39
3.69824e-27
2.87359e-28
1.55066e-28
9.62715e-31
8.00972e-29
4.56631e-31
9.97323e-32
3.93872e-34
3.88227e-29
7.04534e-31
3.51381e-31
3.77526e-33
3.28528e-32
1.4449e-34
7.16371e-35
2.13989e-37
1.94198e-29
1.15874e-30
6.14601e-31
4.59411e-33
3.15232e-31
1.21897e-33
4.667e-34
2.08287e-36
1.56985e-31
2.25808e-33
1.09856e-33
9.19957e-37
5.39855e-34
7.63645e-36
3.717e-36
5.34658e-39
7.96054e-30
6.76751e-31
3.70951e-31
5.04138e-34
1.93918e-31
1.31609e-33
4.27595e-34
2.96872e-36
9.92464e-32
7.96585e-34
2.89459e-34
6.54153e-37
1.33032e-34
1.42936e-36
7.11012e-37
3.81524e-39
1.76248e-32
5.96185e-34
3.02932e-34
1.09485e-36
1.5077e-34
8.80099e-37
3.97469e-37
1.71658e-39
7.355e-35
1.74539e-36
8.88819e-37
5.68627e-39
4.13173e-37
4.14922e-39
2.06776e-39
1.09378e-41
1.05859e-08
1.29956e-16
6.50407e-17
1.28925e-28
3.25484e-17
1.56734e-26
4.82357e-29
9.15389e-32
1.62848e-17
3.95171e-25
2.05347e-25
1.03317e-28
9.84267e-26
7.24174e-28
2.56156e-28
9.58423e-31
8.1458e-18
3.60743e-25
1.9441e-25
1.53128e-28
1.00384e-25
4.51946e-28
5.57648e-29
1.73408e-31
4.81501e-26
8.02977e-28
3.98033e-28
2.00193e-30
1.96952e-28
2.41554e-30
1.14363e-30
8.28385e-34
4.07386e-18
3.17049e-25
1.65007e-25
4.91702e-28
7.75405e-26
3.75183e-28
1.65695e-28
1.78053e-31
3.30227e-26
6.56107e-28
3.17485e-28
1.93349e-30
1.50886e-28
7.2401e-31
3.16439e-31
3.34654e-34
8.31187e-27
6.38747e-28
3.45792e-28
5.7572e-31
1.78392e-28
1.22993e-30
4.18376e-31
8.47248e-34
9.01e-29
1.65297e-30
8.16987e-31
1.59278e-34
3.72415e-31
1.85254e-33
3.60975e-34
1.0573e-36
2.03719e-18
1.63014e-25
1.00983e-25
2.8218e-28
5.69422e-26
2.72045e-28
1.35067e-28
1.10299e-30
2.97295e-26
1.93048e-28
8.21743e-29
6.10141e-31
1.35446e-29
8.06193e-32
1.00194e-32
5.95948e-36
1.48238e-26
3.92487e-28
2.00165e-28
9.13553e-32
7.68337e-29
3.18703e-31
1.3502e-31
6.09855e-34
2.67584e-29
3.1749e-31
1.45344e-31
1.65126e-33
5.59361e-32
1.54112e-34
4.27992e-35
2.1642e-37
9.93485e-28
1.13253e-28
6.40892e-29
2.06912e-31
3.41372e-29
3.94693e-31
1.96075e-31
1.94109e-33
1.75416e-29
1.89913e-31
9.44408e-32
4.93404e-34
4.55592e-32
2.99828e-34
1.49537e-34
2.6853e-37
8.55105e-30
4.02225e-31
2.1063e-31
6.76389e-34
1.06418e-31
4.95458e-34
1.86084e-34
1.55858e-36
5.38754e-32
9.23779e-34
4.29907e-34
3.86603e-37
1.95787e-34
2.03303e-36
1.01221e-36
2.01833e-39
1.01865e-18
2.15852e-22
1.32207e-22
1.50015e-42
7.41161e-23
4.94139e-42
2.50187e-42
1.36963e-44
3.92771e-23
9.42557e-25
4.73423e-25
5.46167e-28
2.37237e-25
3.13931e-27
1.56746e-27
3.11956e-30
2.00989e-23
6.10872e-25
3.13818e-25
1.89921e-27
1.57893e-25
1.22236e-27
1.23711e-28
2.61379e-31
6.36798e-26
4.15645e-28
1.87594e-28
5.97518e-31
8.76188e-29
1.32828e-30
6.68362e-31
2.45629e-33
1.00632e-23
5.78596e-25
3.06782e-25
4.80755e-27
1.57943e-25
9.57709e-28
4.58564e-28
9.58308e-31
7.96812e-26
1.68885e-27
3.79794e-28
1.07793e-31
1.52188e-28
1.31473e-30
6.41946e-31
7.78636e-33
3.29938e-26
5.33897e-28
2.68024e-28
1.13263e-30
1.17451e-28
9.857e-32
4.03231e-32
2.15258e-34
5.36287e-29
1.65347e-30
7.51528e-31
2.94297e-33
3.207e-31
2.69224e-33
1.0831e-33
1.913e-36
1.07567e-24
2.38436e-25
1.57543e-25
4.76228e-28
9.31286e-26
7.25714e-28
2.85849e-28
2.72243e-30
5.10579e-26
1.10527e-27
5.53355e-28
2.6347e-30
2.23912e-28
3.17025e-30
1.45466e-30
3.70968e-33
2.58977e-26
7.76344e-28
3.98854e-28
1.59414e-30
1.89793e-28
2.02961e-30
1.00204e-30
1.08512e-33
4.16524e-29
2.90859e-31
1.45331e-31
4.04871e-35
2.64489e-33
2.38367e-35
1.16913e-35
2.49346e-38
1.31571e-26
6.76715e-28
3.55935e-28
6.63809e-31
1.80643e-28
1.25286e-30
3.80897e-31
3.50243e-34
9.11078e-29
1.3717e-30
6.91748e-31
1.20432e-33
3.34648e-31
4.40901e-33
2.05888e-33
2.24417e-36
4.5863e-29
1.70198e-30
8.76898e-31
2.32939e-33
4.41805e-31
4.04281e-33
1.73377e-33
4.3518e-36
2.17825e-31
4.09001e-33
2.05118e-33
1.83003e-36
1.31019e-34
6.87545e-37
2.3566e-37
6.91505e-40
5.09352e-19
5.06134e-23
2.74805e-23
5.23723e-43
1.43176e-23
2.63957e-25
1.23575e-25
4.38283e-28
7.26122e-24
2.30472e-25
1.15729e-25
3.91454e-28
3.54006e-26
1.02999e-28
4.08533e-29
2.89196e-31
3.52344e-24
6.17118e-26
3.0496e-26
6.56382e-29
1.1776e-26
7.59895e-29
3.75796e-29
1.20173e-31
4.35435e-27
1.2516e-28
6.4321e-29
9.27888e-32
3.2337e-29
2.848e-31
7.37718e-32
2.33454e-34
1.70369e-24
1.11843e-25
5.91458e-26
2.95235e-28
3.05215e-26
5.93263e-29
2.15913e-29
1.03519e-32
1.50377e-26
1.08133e-28
4.53878e-29
4.25341e-32
1.68753e-29
2.87668e-31
1.45217e-31
1.37482e-33
7.19643e-27
3.02541e-28
1.57312e-28
9.92123e-31
7.99723e-29
8.82072e-31
4.35264e-31
1.56204e-33
3.76428e-29
1.14242e-30
5.88423e-31
6.9238e-33
2.90693e-31
4.89935e-34
1.72725e-34
3.82933e-37
8.09609e-25
6.04372e-26
3.25405e-26
3.30308e-28
1.6695e-26
4.7251e-29
3.67769e-30
1.26444e-32
8.21144e-27
1.53276e-28
7.39588e-29
3.15021e-31
2.61617e-30
2.51309e-32
8.85464e-33
5.66554e-35
3.42424e-27
1.07606e-28
5.44779e-29
5.49537e-31
2.73466e-29
2.00424e-31
9.77733e-32
2.69392e-34
1.37251e-29
1.81071e-31
9.0517e-32
1.45179e-34
4.4265e-32
1.21156e-34
4.91247e-35
2.43726e-37
1.91757e-28
1.72424e-29
9.4762e-30
3.99529e-32
4.9489e-30
4.7063e-32
1.25735e-32
9.62574e-35
2.50612e-30
5.35152e-32
2.7199e-32
1.3727e-34
1.00265e-32
5.05566e-35
7.57034e-36
2.21958e-38
2.2716e-31
4.43827e-33
2.26103e-33
8.10325e-36
6.07965e-34
7.07541e-36
3.35921e-36
1.63742e-39
2.79585e-34
2.09394e-36
9.50845e-37
1.10396e-39
4.76446e-37
3.04577e-39
1.47648e-39
1.03275e-41
2.32412e-29
3.95757e-30
2.40756e-30
1.33932e-32
1.34364e-30
1.30147e-32
6.46849e-33
3.56394e-35
7.06904e-31
7.87056e-33
3.94465e-33
4.26333e-36
1.94395e-33
1.11186e-35
5.22983e-36
9.5553e-39
3.60422e-31
6.63982e-33
3.20574e-33
1.73846e-35
1.22774e-33
9.90626e-36
4.97328e-36
1.56205e-38
5.1175e-34
9.50754e-36
4.78254e-36
3.97907e-38
2.39599e-36
5.72691e-39
2.67283e-39
2.35524e-41
1.77876e-31
1.2453e-32
6.67677e-33
1.61351e-35
3.45794e-33
2.08668e-35
8.40496e-36
3.56792e-38
1.76007e-33
2.6273e-35
1.2949e-35
7.1888e-38
6.4602e-36
3.91335e-38
1.57225e-38
9.46615e-41
6.84245e-34
1.82267e-35
9.08763e-36
7.70381e-39
4.55879e-36
7.34636e-38
3.2656e-38
2.74426e-40
1.25408e-36
3.69873e-38
1.89662e-38
1.28127e-41
9.05898e-39
1.17193e-40
5.27204e-41
4.69496e-43
1.71679e-32
1.6739e-33
9.2687e-34
5.06579e-36
4.86937e-34
5.05542e-36
9.58469e-37
6.37416e-40
2.4888e-34
5.06547e-36
2.49611e-36
1.31204e-38
6.45752e-37
1.13374e-39
2.34206e-40
1.31989e-42
1.25647e-34
2.72801e-36
1.38441e-36
6.36614e-40
6.94106e-37
1.12295e-38
5.61528e-39
8.14098e-42
3.23378e-37
4.98259e-39
2.43219e-39
1.42388e-41
7.87645e-40
5.94152e-42
2.66583e-42
1.38476e-44
5.7756e-35
1.87824e-36
9.63905e-37
1.65029e-39
4.88227e-37
4.10216e-39
1.6432e-39
9.33616e-42
2.40238e-37
5.11942e-39
2.5799e-39
1.10453e-41
9.42594e-40
9.35081e-42
4.62156e-42
1.74496e-44
1.17453e-37
3.86215e-39
1.96582e-39
6.92267e-42
8.38067e-40
4.30453e-42
2.048e-42
2.12165e-45
4.08809e-40
6.75481e-42
3.36789e-42
4.83497e-45
1.68458e-42
2.86579e-44
1.44351e-44
2.22396e-47
0.00153313
1.49269e-06
8.35033e-07
6.59664e-13
4.64118e-07
2.15386e-13
1.08133e-13
9.23197e-26
2.50909e-07
6.46301e-14
3.2421e-14
2.32413e-26
1.624e-14
1.13394e-26
5.68223e-27
3.25147e-30
1.32182e-07
1.61151e-14
9.05295e-15
2.09189e-27
4.04495e-15
4.34228e-27
1.04198e-28
1.09538e-31
2.26757e-15
6.76154e-27
3.45568e-27
7.50768e-30
1.71353e-27
1.05837e-29
4.96875e-30
6.22999e-32
6.78063e-08
4.83119e-15
2.41922e-15
2.98817e-27
1.2106e-15
9.79144e-28
4.51879e-28
1.13484e-30
5.36831e-16
9.42388e-27
3.00487e-27
1.27415e-29
3.08694e-28
3.46523e-30
1.41854e-30
3.43454e-34
3.03162e-16
6.90132e-28
3.50999e-28
3.36554e-31
1.60076e-28
1.37843e-30
5.85536e-31
8.86001e-34
7.84587e-29
2.44369e-30
1.25625e-30
6.18052e-33
3.65745e-31
2.8861e-33
7.32226e-34
2.71836e-36
3.3251e-08
1.21984e-15
5.5755e-16
2.33722e-28
2.78956e-16
6.4863e-28
3.23303e-28
1.02199e-30
1.57445e-16
2.65918e-28
1.31834e-28
4.5766e-31
6.10711e-29
4.24132e-31
2.02226e-31
3.90927e-35
7.87373e-17
9.92666e-25
5.09716e-25
1.84453e-27
2.55864e-25
1.26143e-27
4.15798e-28
1.33634e-31
4.6302e-26
5.58531e-28
2.59017e-28
8.46474e-31
4.13838e-30
1.60463e-32
7.14783e-33
2.2975e-35
3.93725e-17
6.68356e-25
3.46232e-25
2.15621e-27
1.76471e-25
3.68879e-28
1.71267e-28
1.21117e-30
8.85828e-26
2.39196e-27
1.21869e-27
6.61954e-31
6.07387e-28
8.88245e-30
3.82227e-30
1.06665e-32
4.94707e-27
1.23682e-28
6.28821e-29
4.94186e-31
2.67344e-29
3.6701e-31
1.70706e-31
9.82127e-34
9.51435e-30
2.56086e-31
1.2951e-31
1.0353e-33
6.33408e-32
2.75899e-34
1.29193e-34
5.42572e-37
1.73363e-08
3.25688e-16
1.62968e-16
5.2172e-25
8.15273e-17
5.49818e-25
2.69271e-25
1.27811e-27
4.07782e-17
4.80534e-25
2.47351e-25
8.8075e-28
1.24108e-25
6.48104e-28
2.26098e-28
9.31634e-31
2.03935e-17
2.3574e-25
1.19105e-25
8.44819e-28
5.96317e-26
6.95174e-28
3.43338e-28
1.22791e-30
2.05702e-26
7.99663e-28
4.12255e-28
1.82694e-30
2.08706e-28
1.21061e-30
3.14379e-31
1.58781e-34
1.01979e-17
2.61499e-25
1.39939e-25
2.12576e-28
7.01917e-26
1.56905e-27
8.0052e-28
6.34029e-30
1.86035e-26
5.0557e-28
2.5648e-28
1.18258e-30
4.39786e-29
1.35518e-31
3.03602e-32
1.15859e-34
4.04653e-27
6.16813e-29
2.52682e-29
5.76002e-32
1.26798e-29
1.12229e-31
4.55486e-32
7.42807e-35
6.09292e-30
1.13829e-31
5.55254e-32
8.85537e-35
2.6954e-32
1.91694e-35
7.04345e-36
6.5829e-38
5.09927e-18
2.23081e-25
1.26245e-25
7.03952e-28
6.72471e-26
3.77009e-28
2.41091e-29
1.26997e-31
3.47041e-26
6.33027e-28
3.20929e-28
1.29829e-30
1.35852e-28
1.38458e-30
6.72838e-31
8.40225e-34
1.74993e-26
7.97272e-28
4.16894e-28
1.39074e-31
2.114e-28
1.31024e-30
2.79604e-31
1.84056e-33
1.05921e-28
4.2509e-31
1.84976e-31
5.37204e-34
7.57435e-32
5.224e-34
1.74708e-34
7.52176e-37
8.65521e-27
7.05663e-28
3.83811e-28
1.70146e-30
1.99541e-28
1.00723e-30
6.91079e-32
1.85325e-34
9.93646e-29
5.68924e-31
1.42162e-31
1.14883e-34
7.59173e-33
3.79328e-35
6.40858e-36
7.04436e-38
4.80294e-29
3.02865e-30
1.617e-30
1.0857e-32
8.21964e-31
2.84885e-32
1.46022e-32
3.1762e-35
4.16248e-31
7.09512e-33
3.49238e-33
1.18344e-35
1.44641e-33
4.94394e-36
2.20684e-36
1.64381e-38
8.73243e-09
7.573e-17
3.79017e-17
1.61475e-29
2.13328e-17
8.00119e-26
2.55651e-26
4.30748e-29
1.06725e-17
1.00918e-25
4.92869e-26
9.64138e-29
2.48329e-26
1.34604e-28
2.93845e-29
1.74437e-31
5.33824e-18
3.28017e-26
1.63098e-26
4.70156e-29
7.80767e-27
7.01286e-30
2.71326e-30
6.30266e-33
3.82224e-27
1.94406e-28
1.01719e-28
4.3005e-31
4.74006e-29
2.06764e-31
2.65702e-32
7.46693e-35
2.66967e-18
1.53665e-25
9.2179e-26
2.22127e-28
5.09847e-26
2.635e-28
5.53232e-29
7.49429e-31
2.66649e-26
2.13213e-28
1.01409e-28
2.06905e-31
3.62242e-29
6.70071e-31
3.38324e-31
6.35198e-34
1.36739e-26
6.06637e-28
3.16438e-28
1.22873e-30
1.57751e-28
1.9093e-30
9.48422e-31
2.95357e-33
2.31606e-29
2.464e-31
1.1943e-31
1.16226e-35
4.64079e-32
3.14085e-34
7.31724e-35
3.85091e-37
1.33494e-18
6.50343e-26
3.75118e-26
1.11017e-28
2.0245e-26
2.42924e-28
1.22381e-28
1.06439e-30
1.04732e-26
1.58189e-28
7.98541e-29
3.75985e-31
2.12385e-29
1.01218e-31
5.02893e-32
1.79305e-34
5.28789e-27
1.32874e-28
6.76952e-29
9.57156e-32
3.35532e-29
4.35161e-31
2.10654e-31
2.22118e-33
1.62217e-29
5.66662e-31
2.91927e-31
6.74084e-34
1.47999e-31
2.29087e-33
1.15178e-33
1.42605e-37
2.33577e-27
1.83545e-28
9.9354e-29
6.19676e-32
5.16618e-29
4.79392e-31
2.32284e-31
8.71569e-34
2.61119e-29
1.64928e-31
7.56337e-32
3.21632e-34
6.18554e-33
1.01961e-34
4.95792e-35
3.28051e-38
1.23769e-29
3.53272e-31
1.75622e-31
1.55471e-33
8.51356e-32
1.00685e-33
4.6347e-34
9.75638e-37
2.0513e-32
1.68093e-34
8.11354e-35
2.68027e-37
3.8664e-35
8.72178e-38
1.11475e-38
2.88756e-41
6.67435e-19
1.63067e-22
1.11228e-22
1.50175e-42
6.74097e-23
6.73868e-43
3.2689e-43
1.41709e-46
3.74883e-23
1.9179e-24
1.00133e-24
3.18121e-28
5.13641e-25
2.86134e-27
1.37559e-27
4.32874e-30
1.98332e-23
9.03854e-25
4.71092e-25
2.63341e-27
2.3901e-25
2.41608e-27
1.16732e-27
6.66004e-30
1.15667e-25
1.85419e-27
9.18253e-28
5.41084e-31
4.55519e-28
1.42809e-30
5.17279e-31
5.87438e-34
1.01896e-23
8.62101e-25
4.70903e-25
6.17578e-28
2.46641e-25
1.5285e-27
7.60641e-28
3.1784e-30
1.26046e-25
1.86395e-27
8.52932e-28
8.04892e-30
2.75392e-28
3.18976e-30
1.51009e-30
2.33274e-33
6.33799e-26
1.62826e-27
7.96e-28
2.81792e-30
3.86416e-28
5.81586e-30
2.13006e-30
1.04063e-32
1.50561e-28
2.46342e-30
1.09737e-30
4.99507e-33
5.39591e-31
5.67925e-33
2.51792e-33
7.77147e-36
5.14877e-24
2.01917e-25
1.03446e-25
3.15576e-29
5.21238e-26
4.07739e-28
1.86272e-28
2.31398e-31
2.177e-26
5.15409e-28
2.629e-28
2.5842e-30
1.31195e-28
8.90877e-31
3.41049e-31
2.6256e-34
5.63161e-27
1.47425e-28
7.49708e-29
3.26469e-31
3.75096e-29
8.29596e-32
4.06753e-32
1.73202e-34
1.22293e-29
1.01285e-31
4.92318e-32
3.75543e-34
2.04431e-32
2.24987e-34
1.13376e-34
5.26062e-37
2.15394e-27
5.37937e-29
2.71663e-29
1.63383e-31
1.30079e-29
2.91501e-31
1.46551e-31
3.72035e-35
4.82986e-30
1.22046e-31
6.13293e-32
3.80356e-34
2.97382e-32
1.35107e-34
3.35017e-35
2.50187e-37
4.25189e-31
2.18648e-32
1.14883e-32
5.29908e-35
5.68748e-33
3.70154e-35
1.59723e-35
4.56663e-38
2.30685e-33
7.63704e-35
3.9157e-35
1.83105e-37
1.95551e-35
3.90795e-38
3.54115e-39
3.07072e-42
4.40641e-09
2.29366e-17
1.14844e-17
1.52511e-27
5.75087e-18
1.07514e-26
2.40742e-27
1.91632e-30
2.87923e-18
3.61562e-26
1.85638e-26
7.6001e-30
9.43101e-27
7.43637e-29
3.73043e-29
6.82042e-32
1.44095e-18
1.38001e-26
7.03323e-27
1.05604e-29
3.40682e-27
2.02173e-29
9.64466e-30
9.20655e-33
1.00928e-27
3.39554e-29
1.75132e-29
3.30502e-32
8.81803e-30
9.20022e-32
3.49309e-33
3.6758e-36
7.20866e-19
9.43249e-27
4.8723e-27
5.28347e-29
1.74265e-27
1.32431e-29
6.65353e-30
2.00461e-32
8.637e-28
5.83004e-30
2.65761e-30
5.7359e-33
9.20233e-31
1.23483e-32
5.83487e-33
4.43307e-35
4.093e-28
2.09485e-29
1.09757e-29
3.14506e-32
5.59863e-30
1.12702e-32
4.09747e-33
2.00441e-35
2.64682e-30
1.647e-32
8.00004e-33
4.87139e-36
2.07991e-33
2.52706e-35
1.23319e-35
5.13608e-38
3.60466e-19
5.16597e-23
3.05738e-23
8.37956e-44
1.67784e-23
1.6803e-25
8.37791e-26
3.47668e-28
8.76656e-24
7.37952e-26
3.59829e-26
6.69835e-29
6.40936e-27
3.35743e-29
1.19988e-29
3.11457e-32
4.48421e-24
2.28672e-25
1.20154e-25
4.99116e-28
6.12995e-26
5.27615e-28
2.3673e-28
2.24856e-31
2.32363e-26
3.61388e-28
1.70993e-28
9.84927e-31
6.2441e-29
2.92383e-31
1.44917e-31
8.5453e-34
2.26517e-24
1.34833e-25
7.15147e-26
3.58262e-28
3.64802e-26
4.75171e-28
6.78912e-29
1.74412e-31
1.83131e-26
1.61811e-28
7.34641e-29
1.9372e-32
3.14731e-29
2.9359e-31
1.47746e-31
1.18929e-33
7.69783e-27
2.67319e-28
1.37877e-28
1.94317e-31
6.92082e-29
7.05276e-31
3.52621e-31
3.07497e-34
3.43052e-29
2.04996e-31
9.7773e-32
3.20314e-34
2.9686e-32
1.89559e-34
8.83967e-36
8.0717e-38
1.79952e-19
4.48495e-23
3.12324e-23
7.38583e-31
1.92256e-23
1.48569e-25
2.45053e-26
1.13869e-28
1.08099e-23
5.70311e-25
2.95133e-25
1.53505e-27
1.51355e-25
2.11776e-27
1.072e-27
1.68411e-31
5.74411e-24
2.30936e-25
1.19749e-25
5.52135e-28
6.01706e-26
3.96073e-28
8.06166e-29
8.6837e-32
3.00685e-26
1.67805e-27
8.88921e-28
4.85317e-30
4.57675e-28
3.89909e-30
1.79128e-30
1.05253e-32
2.91921e-24
1.10116e-25
5.68927e-26
2.1655e-28
2.68581e-26
1.57804e-28
5.50292e-30
2.29722e-32
1.33833e-26
4.98631e-28
2.54958e-28
2.88277e-30
1.29263e-28
8.24323e-31
4.00107e-31
1.8572e-33
6.67889e-27
1.51053e-28
7.63462e-29
2.39718e-31
3.85279e-29
2.00598e-31
7.57132e-32
2.43401e-34
1.38339e-29
2.71135e-31
1.35109e-31
3.50084e-36
5.78949e-32
1.32502e-33
6.66202e-34
1.58027e-36
1.12025e-24
9.78086e-26
5.41845e-26
7.96649e-29
2.85918e-26
1.89679e-28
8.28504e-29
7.20413e-31
1.43878e-26
1.47815e-28
7.39883e-29
1.65092e-31
3.66357e-29
2.52507e-31
1.05856e-31
1.07445e-34
6.74103e-27
2.05146e-28
1.04953e-28
2.47114e-31
5.21229e-29
3.11229e-31
9.38841e-32
8.97038e-34
2.44245e-29
1.45238e-30
7.69351e-31
5.95763e-33
3.9551e-31
4.76098e-33
1.41006e-33
1.30902e-36
2.21099e-27
9.63248e-29
4.9967e-29
1.28266e-31
2.51026e-29
2.98672e-31
1.39164e-31
1.13585e-33
1.15944e-29
1.48911e-31
7.32004e-32
4.14345e-34
2.17192e-32
1.64768e-34
7.89344e-35
1.78155e-37
4.48566e-30
2.37075e-31
1.24922e-31
1.84528e-34
6.38531e-32
7.3469e-34
3.49511e-34
8.77318e-37
3.17711e-32
7.70493e-34
3.91332e-34
2.19541e-38
1.9618e-34
4.7646e-37
1.24613e-37
3.10719e-40
8.99771e-20
2.29636e-23
1.61114e-23
1.17151e-26
9.97242e-24
4.01489e-26
1.57651e-26
4.44963e-29
5.62094e-24
3.27444e-25
1.73539e-25
4.79248e-28
8.45575e-26
2.3537e-28
1.07962e-28
2.47141e-31
2.99075e-24
1.91738e-25
1.02365e-25
3.02383e-28
5.28214e-26
4.98377e-28
1.40853e-28
9.40071e-32
2.66629e-26
1.0379e-27
5.35764e-28
2.08118e-30
2.69772e-28
1.24405e-30
6.2057e-31
1.24596e-33
1.46542e-24
6.2548e-26
3.23991e-26
7.79015e-29
1.65049e-26
1.33501e-28
6.29651e-29
1.93102e-31
7.81333e-27
9.3015e-29
4.57777e-29
3.67147e-31
2.2268e-29
1.99341e-31
9.95834e-32
4.48052e-34
1.24879e-27
3.35144e-29
1.70585e-29
1.3437e-31
8.36878e-30
5.83752e-32
2.65959e-32
2.21324e-34
3.47925e-30
4.2727e-32
2.14561e-32
1.19901e-34
7.68891e-33
4.12571e-35
2.00918e-35
1.99971e-38
6.05927e-25
6.17356e-26
3.44803e-26
6.55423e-29
1.82444e-26
5.83501e-29
7.55925e-31
3.56301e-34
9.35693e-27
3.13005e-28
1.6154e-28
4.70822e-31
8.1232e-29
2.49129e-31
1.09784e-31
9.34785e-35
1.42203e-27
3.32434e-29
1.69412e-29
5.33241e-32
8.48162e-30
9.31629e-32
3.84142e-32
6.84525e-35
3.9174e-30
6.05575e-32
3.03365e-32
3.21227e-34
1.05776e-32
1.29258e-34
3.65312e-35
9.38813e-38
6.74764e-28
7.18366e-29
4.03757e-29
9.58584e-33
2.13973e-29
1.99183e-31
9.30907e-32
2.80323e-35
1.09411e-29
1.93726e-31
9.77535e-32
5.03882e-34
4.84321e-32
2.79168e-34
1.35569e-34
1.35372e-37
5.54608e-30
2.06544e-31
1.06109e-31
2.02222e-34
5.296e-32
2.55317e-34
6.72974e-35
2.82028e-37
2.26826e-32
4.06453e-34
2.03413e-34
1.38004e-36
7.04782e-35
5.72684e-37
1.90624e-37
4.21411e-40
1.59357e-25
2.48821e-26
1.48394e-26
4.54445e-29
8.17328e-27
8.59373e-29
3.97932e-29
5.2982e-32
4.27925e-27
2.74689e-29
7.8308e-30
1.21121e-32
1.86336e-30
9.71611e-33
1.16217e-33
2.20509e-36
2.15554e-27
4.68006e-29
2.35043e-29
5.33743e-32
1.04643e-29
2.48323e-31
1.25536e-31
3.53151e-34
3.21228e-30
3.98776e-32
1.96175e-32
9.75319e-35
5.97945e-33
7.21054e-35
9.35323e-36
5.11996e-38
1.04841e-27
4.60342e-29
2.40585e-29
9.7729e-32
1.20268e-29
2.18742e-31
1.06637e-31
8.0656e-35
5.99524e-30
1.21465e-31
5.83678e-32
7.0289e-35
2.93658e-32
1.83012e-34
7.75689e-35
3.86321e-37
2.10343e-30
8.1292e-32
4.20403e-32
1.20397e-34
1.9881e-32
1.74561e-34
2.06297e-35
1.71697e-37
8.73596e-33
1.91668e-34
9.75644e-35
3.14011e-37
4.80186e-35
2.50865e-37
1.20635e-37
2.08866e-40
5.09967e-28
7.24241e-29
4.25279e-29
4.57016e-31
2.32209e-29
1.3617e-31
6.83474e-32
3.83676e-34
1.21483e-29
2.56151e-31
1.27407e-31
3.23596e-34
2.14343e-32
2.44626e-34
1.18477e-34
1.20594e-37
6.13365e-30
2.16168e-31
1.10537e-31
4.43118e-34
5.48708e-32
1.71374e-34
2.88642e-35
7.2779e-38
2.76089e-32
4.36289e-34
2.19699e-34
5.15446e-37
9.29629e-35
9.75655e-37
3.88531e-37
6.74782e-41
2.6321e-30
1.08437e-31
5.60907e-32
2.56825e-34
2.08397e-32
2.98752e-34
4.4608e-35
2.29389e-38
9.88082e-33
1.7962e-34
8.4223e-35
2.33096e-37
2.63126e-35
2.79054e-37
1.40642e-37
9.46054e-41
3.99571e-33
8.55296e-35
4.30428e-35
1.44052e-37
2.14317e-35
1.1479e-38
4.40555e-39
1.29332e-41
1.04818e-35
1.73504e-37
7.99105e-38
4.90089e-40
3.71717e-38
2.86695e-40
1.43826e-40
2.91927e-43
2.23731e-09
6.52055e-18
3.2671e-18
6.48783e-27
1.63706e-18
1.36182e-26
6.70565e-27
5.19424e-29
8.19979e-19
1.27691e-26
6.42647e-27
6.44856e-29
1.76707e-27
4.06072e-30
1.39813e-30
1.45842e-33
4.10484e-19
6.41826e-27
3.27155e-27
1.65588e-29
1.55985e-27
1.21913e-29
6.04737e-30
4.74207e-32
7.77614e-28
1.75863e-29
8.77065e-30
1.14703e-32
4.39746e-30
4.97318e-32
2.44725e-32
2.96049e-36
2.05393e-19
8.25772e-24
4.25049e-24
1.59675e-26
2.14551e-24
1.33554e-26
6.41838e-27
1.5169e-29
1.05926e-24
2.37081e-26
1.20784e-26
4.40088e-29
5.87664e-27
2.94431e-29
1.35335e-29
2.44621e-32
5.04542e-25
3.50346e-26
1.87617e-26
6.9041e-29
9.67433e-27
1.4021e-28
6.54776e-29
5.18355e-31
4.84532e-27
1.66335e-28
8.57718e-29
5.51508e-31
4.15034e-29
4.35393e-31
2.18608e-31
5.10801e-34
1.0269e-19
7.70799e-24
4.10148e-24
9.15249e-27
2.09477e-24
1.17372e-26
1.10184e-27
2.06396e-30
1.05053e-24
1.74055e-26
8.78861e-27
3.82236e-29
1.87303e-27
1.96753e-29
9.71161e-30
1.4712e-32
5.20031e-25
9.78654e-27
4.89263e-27
1.26271e-29
1.26246e-27
1.15367e-29
5.09956e-30
2.27463e-32
2.74031e-28
6.4933e-30
3.27602e-30
5.98762e-34
1.61168e-30
7.07401e-33
3.45655e-33
1.58714e-35
2.55447e-25
3.41193e-26
1.98667e-26
6.54017e-29
1.07802e-26
5.56523e-29
2.58684e-29
7.74607e-32
5.6037e-27
1.05327e-28
5.21719e-29
1.88449e-31
2.18899e-29
3.57237e-31
1.7841e-31
9.47594e-35
2.86065e-27
1.31979e-28
6.89958e-29
2.16267e-31
3.47492e-29
2.99442e-31
1.31152e-31
4.41346e-34
1.70372e-29
2.175e-31
1.0372e-31
1.97131e-34
4.12625e-32
2.52623e-34
9.35654e-35
4.67057e-38
5.13318e-20
1.56515e-23
1.04781e-23
1.41616e-27
6.25694e-24
9.09668e-26
4.15049e-26
1.98862e-28
3.44787e-24
3.71805e-26
1.10487e-26
9.46315e-30
1.83052e-27
1.4703e-29
6.07447e-30
3.27813e-32
1.81395e-24
3.65128e-26
1.83899e-26
4.46849e-29
7.80849e-27
1.06895e-28
5.14598e-29
1.15758e-31
2.8857e-27
4.59757e-29
2.29227e-29
3.50536e-31
4.35761e-30
3.25495e-32
1.63223e-32
6.84668e-35
9.2986e-25
5.53678e-26
2.93827e-26
3.61557e-29
1.51082e-26
8.00235e-29
3.31916e-29
1.39561e-31
7.65784e-27
1.32319e-28
6.7193e-29
2.02799e-31
3.30283e-29
7.29937e-31
3.72557e-31
1.36192e-33
6.41888e-29
2.43903e-30
1.25593e-30
3.17937e-33
6.35173e-31
2.04171e-32
1.05169e-32
3.33855e-35
2.99466e-31
6.11121e-33
3.02291e-33
6.06248e-36
7.11694e-34
2.08177e-36
2.1239e-37
3.91541e-40
4.67624e-25
5.83232e-26
3.36944e-26
9.78752e-29
1.82177e-26
1.52971e-28
7.05053e-29
2.04692e-31
9.4907e-27
5.14342e-28
2.70795e-28
3.95342e-31
1.38552e-28
1.16853e-30
5.73283e-31
1.93133e-33
4.84103e-27
3.51715e-29
1.44351e-29
1.46781e-31
6.75561e-30
1.24356e-31
6.29962e-32
1.44548e-34
1.95621e-30
2.92546e-32
1.4718e-32
2.30268e-35
1.55831e-33
5.01517e-36
2.4207e-36
4.13985e-39
2.26264e-27
1.48839e-28
7.88233e-29
2.0256e-31
4.05927e-29
3.29275e-31
1.26196e-31
9.76808e-34
1.98821e-29
1.72038e-31
7.05276e-32
7.59514e-35
9.70237e-33
1.10073e-34
4.77795e-35
8.79365e-38
6.93917e-30
4.12717e-31
2.18152e-31
4.96515e-34
1.08777e-31
1.57411e-33
5.69553e-34
5.02609e-37
4.59551e-32
8.90906e-34
4.48409e-34
3.47563e-37
2.23959e-34
1.68993e-36
6.78538e-37
4.4592e-40
2.56692e-20
4.83682e-24
2.90393e-24
6.69057e-28
1.60866e-24
1.24747e-26
5.69155e-27
2.98267e-29
8.38326e-25
4.47807e-27
1.75776e-27
1.96204e-30
1.15135e-28
2.5754e-30
1.31499e-30
1.71533e-34
3.63198e-25
1.63563e-26
8.52971e-27
1.68529e-29
4.22659e-27
3.36696e-29
6.76908e-30
2.88002e-32
1.96445e-27
2.92626e-29
1.31525e-29
9.34092e-32
6.5539e-30
6.15557e-32
1.51932e-33
1.49861e-35
1.80952e-25
9.44396e-27
4.97659e-27
8.34911e-30
2.52916e-27
5.87732e-29
2.99962e-29
4.67769e-32
9.43573e-28
2.32041e-29
1.15623e-29
3.01374e-32
5.82957e-30
2.40551e-32
9.29595e-33
2.90047e-35
2.9276e-28
1.6295e-29
8.57965e-30
2.21928e-32
4.12518e-30
8.99349e-33
1.99521e-33
1.63487e-37
2.07927e-30
3.06494e-32
1.53809e-32
2.88932e-35
7.62965e-33
7.49388e-35
3.74678e-35
1.65872e-37
6.29358e-26
4.10281e-27
2.18985e-27
7.66946e-30
1.1254e-27
1.01473e-29
4.91284e-30
1.11569e-32
5.41634e-28
6.94493e-30
3.47175e-30
1.28213e-32
1.73939e-30
9.97543e-33
1.20176e-33
4.19474e-36
2.61637e-28
1.38324e-29
7.283e-30
1.78168e-32
3.67702e-30
8.61137e-32
4.39477e-32
1.86396e-34
1.85119e-30
5.99113e-32
3.0864e-32
3.02966e-34
1.51263e-32
1.13213e-34
2.60114e-35
3.50599e-38
1.27739e-28
7.2392e-30
3.8285e-30
2.67672e-32
1.96611e-30
3.80642e-32
1.93602e-32
8.27199e-35
9.74536e-31
1.18211e-32
5.72936e-33
2.88522e-36
2.63446e-33
8.35235e-36
3.16468e-36
1.26424e-38
3.10128e-31
2.6829e-32
1.47194e-32
2.89217e-35
7.72073e-33
4.34168e-35
2.07003e-35
5.88588e-38
3.888e-33
5.23986e-35
1.55235e-35
3.31918e-38
6.87427e-36
4.07737e-38
1.88582e-38
1.01368e-40
2.11335e-26
5.31602e-27
3.67815e-27
1.05884e-29
2.2538e-27
6.82306e-30
5.60122e-31
1.47352e-33
1.26299e-27
1.64307e-29
8.19009e-30
5.56793e-32
3.88063e-30
5.60832e-32
6.52999e-34
3.29354e-36
6.70652e-28
1.74447e-29
8.56904e-30
4.51023e-32
4.14202e-30
4.58127e-32
1.75011e-32
1.15762e-34
2.03305e-30
7.56506e-32
3.80046e-32
2.16703e-34
1.84859e-32
5.61983e-35
2.67957e-35
7.92215e-38
3.40043e-28
3.50613e-29
1.95754e-29
5.3064e-32
1.02919e-29
2.16149e-32
4.36272e-33
4.02294e-35
5.12408e-30
5.90043e-32
2.7638e-32
1.37205e-35
7.55455e-33
4.58033e-35
1.2522e-35
2.20984e-37
2.59647e-30
8.5257e-32
4.39732e-32
1.47744e-34
1.88852e-32
5.93053e-35
2.39618e-35
4.6103e-38
9.33879e-33
2.81728e-34
1.45158e-34
5.83498e-37
6.58553e-36
8.54923e-38
1.1852e-38
8.03984e-41
1.64326e-28
1.81221e-29
1.02018e-29
4.62557e-32
5.40558e-30
3.31599e-32
1.61551e-32
3.59342e-35
2.76552e-30
2.47217e-32
1.21499e-32
1.29507e-35
5.66001e-33
2.64589e-35
1.16724e-35
4.21773e-38
1.39035e-30
2.79708e-32
1.31426e-32
6.73199e-35
6.50771e-33
3.33023e-35
8.97163e-36
1.27109e-38
2.02358e-33
1.54628e-35
6.68806e-36
4.05313e-38
1.75192e-36
3.20848e-38
1.36872e-38
7.42665e-41
6.16026e-31
1.29797e-32
6.42948e-33
6.7886e-35
2.65953e-33
4.48316e-35
2.27221e-35
5.57913e-38
6.61615e-34
1.49187e-35
7.495e-36
2.78341e-38
2.58769e-36
1.64425e-38
8.11143e-39
1.92021e-41
1.09376e-34
6.54055e-36
3.47526e-36
6.06895e-40
1.78561e-36
2.46781e-38
1.20821e-38
1.88717e-41
8.80904e-37
6.06569e-39
2.97854e-39
2.71146e-42
1.09508e-39
9.66797e-42
3.14389e-42
1.13015e-44
1.28334e-20
1.96559e-24
1.18725e-24
2.49277e-27
6.59622e-25
1.33692e-26
1.8425e-27
5.51565e-30
3.45116e-25
6.80827e-27
3.43263e-27
7.48753e-30
1.72861e-27
1.90684e-29
9.54549e-30
1.18608e-32
1.77201e-25
2.08075e-27
6.8103e-28
2.43264e-30
3.10656e-28
1.97829e-30
9.43888e-31
4.13457e-33
1.46412e-28
1.26562e-30
6.26499e-31
1.71726e-33
3.0613e-31
2.71355e-33
1.34033e-33
2.0835e-36
8.94036e-26
5.28173e-27
2.80155e-27
7.26603e-30
1.43588e-27
8.85507e-30
7.80344e-31
5.06274e-33
7.21268e-28
1.1446e-29
5.45841e-30
1.25103e-32
2.17494e-30
1.46759e-32
3.75125e-33
2.87235e-35
3.43471e-28
6.38829e-30
3.23659e-30
4.53764e-34
1.49939e-30
3.3969e-32
1.7332e-32
3.3634e-35
2.48366e-31
3.11877e-33
1.53999e-33
2.05184e-36
5.98982e-34
4.40568e-36
1.2725e-36
4.07028e-39
4.32657e-26
4.17176e-27
2.31272e-27
6.84863e-30
1.21804e-27
1.23021e-29
3.96252e-30
1.43029e-32
6.17296e-28
6.46719e-30
3.20115e-30
1.65671e-32
1.42579e-30
3.74802e-33
2.16529e-34
3.29185e-37
3.08931e-28
1.03201e-29
5.28362e-30
7.46635e-33
2.53359e-30
4.78485e-32
2.38705e-32
1.33725e-34
1.22058e-30
1.09653e-32
4.47878e-33
1.16498e-35
1.89312e-33
2.3602e-35
1.14819e-35
1.60519e-38
1.54779e-28
9.81644e-30
5.23526e-30
2.43607e-32
2.67383e-30
3.16311e-32
1.57339e-32
1.10373e-35
1.35809e-30
2.5799e-32
1.28437e-32
1.25178e-35
4.30852e-33
3.8325e-35
1.0048e-35
6.30986e-38
3.50946e-31
1.85304e-32
9.6679e-33
4.59024e-35
4.80825e-33
4.2195e-35
1.03983e-35
1.13727e-38
2.27284e-33
4.92271e-35
2.5038e-35
8.73533e-38
1.22951e-35
3.75645e-38
7.24763e-39
1.41257e-41
9.15774e-27
1.41611e-27
8.47674e-28
1.26086e-30
4.68215e-28
2.46684e-30
6.19062e-31
7.62865e-33
2.4677e-28
4.58495e-30
2.33114e-30
1.70514e-32
1.14161e-30
6.07305e-33
2.44666e-33
4.59742e-36
1.23481e-28
3.28002e-30
1.67692e-30
1.52256e-32
8.33653e-31
9.37803e-33
4.50416e-33
1.79372e-35
2.71912e-31
5.7342e-33
2.87216e-33
1.58593e-36
1.21191e-33
1.82097e-35
8.95802e-36
1.38022e-38
5.31324e-29
4.33589e-30
2.35674e-30
1.17243e-33
1.229e-30
3.56766e-33
1.75467e-33
1.1507e-35
6.21521e-31
1.67868e-32
8.47921e-33
3.99932e-35
4.28669e-33
1.72837e-35
8.39414e-36
1.17454e-37
2.98902e-31
9.63296e-33
4.96164e-33
1.20341e-35
2.48962e-33
1.45294e-35
7.00796e-36
2.85335e-38
1.19363e-33
8.67928e-36
4.06493e-36
8.88849e-39
1.84546e-36
2.18103e-38
1.03063e-38
2.25515e-42
2.01335e-29
1.04474e-30
5.4893e-31
6.64642e-34
2.80765e-31
3.2349e-33
1.60059e-33
5.11791e-36
1.36902e-31
2.04951e-33
9.9777e-34
1.78277e-36
3.10613e-34
3.15337e-36
1.45245e-36
5.41075e-39
6.72099e-32
1.30295e-33
5.92143e-34
2.43335e-37
2.96922e-34
2.19196e-36
1.08705e-36
3.42896e-39
1.20047e-34
3.0205e-36
1.51845e-36
4.99129e-39
7.57521e-37
8.80806e-39
4.15659e-39
4.77053e-42
3.32478e-32
2.44733e-33
1.31685e-33
3.76881e-37
6.7943e-34
6.91101e-36
3.43923e-36
1.06725e-38
3.03578e-34
3.10942e-36
1.39672e-36
2.36834e-39
1.5319e-37
8.78268e-40
3.95112e-40
6.486e-43
1.50883e-34
4.7595e-36
2.41107e-36
5.83236e-39
1.19941e-36
3.36806e-38
1.71489e-38
4.19541e-41
5.97195e-37
1.43859e-38
7.21399e-39
3.2776e-41
2.95201e-39
3.06539e-41
1.48627e-41
4.05615e-44
3.32501e-28
4.15957e-29
2.4281e-29
5.2261e-32
1.32342e-29
7.40205e-32
3.31601e-32
1.80697e-34
6.82353e-30
1.26314e-31
6.38498e-32
3.16196e-34
2.43128e-32
2.58979e-34
1.25175e-34
8.89546e-38
3.47401e-30
1.57532e-31
8.22693e-32
1.90946e-34
4.18775e-32
4.39601e-34
2.17202e-34
1.28686e-37
2.00119e-32
3.33576e-34
1.60919e-34
6.46171e-37
3.80213e-35
2.59436e-37
1.24025e-37
1.59749e-40
1.74052e-30
9.32532e-32
4.8561e-32
1.5884e-34
2.47953e-32
2.26802e-34
9.37068e-35
7.94006e-37
1.2433e-32
1.60945e-34
6.26826e-35
3.16225e-37
2.98849e-35
3.75894e-37
1.88356e-37
7.53707e-40
5.714e-33
7.64195e-35
3.82206e-35
2.07748e-37
1.89551e-35
2.92317e-38
6.15307e-39
2.75473e-41
8.63728e-37
9.86695e-39
4.13729e-39
3.87408e-42
2.36328e-40
1.56427e-42
5.20724e-43
9.76232e-46
7.16712e-31
7.14634e-32
4.00631e-32
2.07425e-35
2.12763e-32
1.06306e-34
4.42917e-35
4.60367e-38
1.07959e-32
9.37063e-35
4.32107e-35
9.87626e-38
1.74129e-35
6.69871e-38
2.28786e-38
2.2097e-41
5.38579e-33
1.19123e-34
5.96418e-35
1.55604e-37
2.9454e-35
1.91318e-37
9.51058e-38
6.46609e-40
1.23691e-35
2.47972e-37
1.25312e-37
9.81445e-40
5.8153e-38
3.74521e-40
1.56483e-40
6.05216e-43
2.07229e-33
9.26788e-35
4.83207e-35
4.76169e-37
2.46884e-35
5.00966e-37
2.5463e-37
5.81025e-40
1.08309e-35
1.3394e-37
6.47534e-38
9.05859e-41
7.79473e-39
1.23638e-40
1.98598e-41
3.48654e-44
5.32348e-36
2.50068e-37
1.30423e-37
1.06664e-40
6.62958e-38
5.52737e-40
2.75073e-40
1.74475e-43
2.75959e-38
4.07758e-40
2.02676e-40
2.7466e-42
8.80233e-41
6.95631e-43
3.30182e-43
2.57447e-46
1.08695e-31
3.35876e-32
2.58075e-32
1.07321e-34
1.74629e-32
2.50747e-34
1.22385e-34
6.12623e-37
1.05062e-32
2.60559e-34
1.33113e-34
1.48853e-37
3.63915e-35
1.45455e-37
7.08348e-38
5.57679e-40
5.81013e-33
1.74733e-34
8.82309e-35
3.32555e-37
4.28533e-35
2.28769e-37
8.84321e-38
2.79248e-40
1.3627e-35
2.01078e-37
7.53282e-38
1.3117e-40
1.51613e-38
1.14731e-40
3.05628e-41
4.85239e-44
3.05705e-33
4.91906e-34
2.97146e-34
5.46157e-37
1.651e-34
1.02102e-36
4.92844e-37
3.92578e-39
8.71572e-35
1.60823e-36
8.14401e-37
1.85113e-39
4.86475e-38
5.35165e-40
2.63545e-40
1.06733e-42
4.43305e-35
1.95376e-36
1.01015e-36
1.20272e-39
5.15491e-37
8.63675e-39
3.92539e-39
1.7426e-41
2.55646e-37
2.29167e-39
1.02e-39
1.9718e-42
3.6534e-40
2.49139e-42
6.57238e-43
5.3113e-45
1.47128e-33
1.87411e-34
1.08141e-34
5.74022e-38
5.84146e-35
3.67883e-37
1.70352e-37
4.37806e-40
3.03407e-35
1.15605e-36
5.97137e-37
3.14359e-39
3.01169e-37
1.74758e-39
7.11178e-40
4.87795e-43
1.53055e-35
2.6927e-37
1.33214e-37
4.00259e-40
6.50582e-38
4.2542e-40
1.90414e-40
7.14342e-44
3.09492e-38
2.43054e-40
6.20157e-41
2.00055e-43
2.76033e-41
1.14657e-43
4.37241e-44
1.72401e-46
7.27977e-36
4.69712e-37
2.50673e-37
1.0499e-39
1.28907e-37
1.05711e-39
5.07511e-40
1.59068e-42
6.40807e-38
8.12644e-40
4.05876e-40
7.64653e-43
1.45245e-40
1.11105e-42
4.86588e-43
2.93718e-46
3.21083e-38
7.62927e-40
3.37702e-40
3.29753e-42
1.70799e-40
2.06608e-42
9.36466e-43
1.04642e-45
6.4538e-41
7.58462e-43
3.35461e-43
1.83288e-45
1.43348e-43
2.52459e-45
1.25244e-45
8.47401e-48
